time,baro_altitude,accl_x,accl_y,accl_z,gps_altitude,gyro_roll,gyro_pitch,gyro_yaw,At,T,P,rho,a
0.0,0.12025316898393862,-6.380563426628062,-1.8527059944953923,-1.598442033770294,0.0,0.0,0.0,0.0,6.833675883343203,288.14921835440157,101323.55537496784,1.224998123545662,340.29182532068467
0.05,0.20418737037102136,-9.748544128576569,-2.872056385833506,-2.4054401693801175,0.0,0.0,0.0,0.0,10.443608711488533,288.14867278209255,101322.54706673825,1.224988252488304,340.29150317182405
0.1,0.04707088121232255,-8.322505309723809,-2.1614503628513413,-1.6759530888601741,0.0,0.0,0.0,0.0,8.760409868123245,288.1496940392721,101324.43452623549,1.2250067301770038,340.29210620224836
0.15,0.39187438001316033,-9.313189108892313,-2.7982415597116153,-2.2532452581968023,0.0,0.0,0.0,0.0,9.982122088918471,288.1474528165299,101320.29239717778,1.2249661798322602,340.29078280696774
0.2,-0.20203032683300626,-9.358427328585577,-3.072436682622123,-2.545453677364028,0.0,0.0,0.0,0.0,10.173463700075086,288.15,101325.0,1.2250122659906946,340.29228686527705
0.25,-0.25148584668876256,-9.784747413313015,-3.2905617808038405,-2.8693977762313656,0.0,0.0,0.0,0.0,10.714593896824283,288.15,101325.0,1.2250122659906946,340.29228686527705
0.3,-0.23633542213702674,-9.812855698180309,-3.4243719164618374,-2.9980955516880963,0.0,0.0,0.0,0.0,10.816979102901799,288.15,101325.0,1.2250122659906946,340.29228686527705
0.35,-0.23733996176221367,-10.192380814474951,-3.657291302175704,-3.308184261425148,0.0,0.0,0.0,0.0,11.322742134473796,288.15,101325.0,1.2250122659906946,340.29228686527705
0.4,0.2535494945312358,-10.008872482997985,-3.465828491448539,-3.1466623963629,0.0,0.0,0.0,0.0,11.049478709411364,288.14835192828554,101321.95407941336,1.2249824472984574,340.29131371432345
0.45,-0.34630026461625396,-9.76333733954652,-3.3248006106857537,-2.8669638961403776,0.0,0.0,0.0,0.0,10.70497721101601,288.15,101325.0,1.2250122659906946,340.29228686527705
0.5,-0.10791940811863664,-10.381178808832816,-3.8861806308490476,-3.4274270726201106,0.0,0.0,0.0,0.0,11.60252255738704,288.15,101325.0,1.2250122659906946,340.29228686527705
0.55,0.43484830868322866,-9.867039741046542,-3.5530648747081863,-3.025812771007702,0.0,0.0,0.0,0.0,10.915048610998955,288.14717348599356,101319.77616040557,1.2249611259890918,340.29061786775173
0.6,0.06827096297285068,-10.012969909455391,-3.6774990743036367,-3.143923602869226,0.0,0.0,0.0,0.0,11.120603466981521,288.1495562387407,101324.17984541279,1.2250042369284055,340.2920248340574
0.65,-0.061113570312250835,-10.167789613826123,-3.714557810803626,-3.2423411211254396,0.0,0.0,0.0,0.0,11.300206250620985,288.15,101325.0,1.2250122659906946,340.29228686527705
0.7,0.04227694779730205,-9.928873756699833,-3.5612266477354213,-3.0144982348452505,0.0,0.0,0.0,0.0,10.970509054775382,288.1497251998393,101324.49211678836,1.225007293971017,340.29212460187705
0.75,-0.09987164876317112,-8.64318998429257,-2.1234358675871814,-1.6927979687626522,0.0,0.0,0.0,0.0,9.059761473205468,288.15,101325.0,1.2250122659906946,340.29228686527705
0.8,-0.06466457819913805,-9.432235785015049,-2.856427235590553,-2.585881825881604,0.0,0.0,0.0,0.0,10.18886810562227,288.15,101325.0,1.2250122659906946,340.29228686527705
0.85,-0.18623129408314362,-9.233833647884857,-2.7026938016979107,-2.370915123525524,0.0,0.0,0.0,0.0,9.909060305877087,288.15,101325.0,1.2250122659906946,340.29228686527705
0.9,-0.15341879156162896,-8.6844881257354,-2.2039783962898367,-1.8228120014599971,0.0,0.0,0.0,0.0,9.143330813769023,288.15,101325.0,1.2250122659906946,340.29228686527705
0.95,-0.3228897117301935,-8.680752625598778,-2.2072465886160444,-1.8323435052389199,0.0,0.0,0.0,0.0,9.142477036940727,288.15,101325.0,1.2250122659906946,340.29228686527705
1.0,-0.23297278259142667,-9.821682878708964,-3.363031409710571,-2.8969754944480695,0.0,0.0,0.0,0.0,10.778121443371164,288.15,101325.0,1.2250122659906946,340.29228686527705
1.05,-0.018433487185313305,-9.024291497680007,-2.670936798110948,-2.0939898048156733,0.0,0.0,0.0,0.0,9.641396875830536,288.15,101325.0,1.2250122659906946,340.29228686527705
1.1,0.3584142744505622,-8.815228554415686,-2.4452260948688713,-1.9671145420750524,0.0,0.0,0.0,0.0,9.357185727731201,288.14767030721606,101320.6943478676,1.2249701148367111,340.29091123090683
1.15,-0.050984483180593364,-10.602929994548628,-4.060168335702976,-3.6838988027011195,0.0,0.0,0.0,0.0,11.936423324098671,288.15,101325.0,1.2250122659906946,340.29228686527705
1.2,-0.06145282633291248,-8.818691974563912,-2.3834783542795233,-1.9075674012235644,0.0,0.0,0.0,0.0,9.332154659979,288.15,101325.0,1.2250122659906946,340.29228686527705
1.25,0.4784609204664971,-10.030502242494256,-3.524652217891693,-3.166004658856246,0.0,0.0,0.0,0.0,11.09313905049741,288.14689000401694,101319.25225344476,1.2249559970514743,340.29045047710974
1.3,-0.09451655642205196,-9.389202040319168,-2.7840254171087198,-2.417049718842248,0.0,0.0,0.0,0.0,10.087122573875881,288.15,101325.0,1.2250122659906946,340.29228686527705
1.35,-0.32054247843383,-8.669413675520039,-2.1898479326691906,-1.757370799049995,0.0,0.0,0.0,0.0,9.11276684497431,288.15,101325.0,1.2250122659906946,340.29228686527705
1.4,-0.1315781360653237,-9.244232993518287,-2.831334503164911,-2.3710814831047626,0.0,0.0,0.0,0.0,9.95461330774764,288.15,101325.0,1.2250122659906946,340.29228686527705
1.45,-0.2260657894267444,-9.442877345333963,-3.1753337258745313,-2.631110278788935,0.0,0.0,0.0,0.0,10.304048628031916,288.15,101325.0,1.2250122659906946,340.29228686527705
1.5,-0.3249124431856117,-10.53160333359087,-4.178464355099255,-3.656221401551007,0.0,0.0,0.0,0.0,11.90555282547169,288.15,101325.0,1.2250122659906946,340.29228686527705
1.55,-0.1376652644689934,-9.51464891754011,-3.0968043960656724,-2.622239375514132,0.0,0.0,0.0,0.0,10.343832985602369,288.15,101325.0,1.2250122659906946,340.29228686527705
1.6,0.2340118115375746,-9.726845912405938,-3.342018132526591,-2.7029785556808914,0.0,0.0,0.0,0.0,10.634223510642203,288.14847892322496,101322.1887853135,1.224984745008222,340.2913887022068
1.65,0.15821210105236855,-8.982510583809407,-2.465205126220932,-2.178537777834478,0.0,0.0,0.0,0.0,9.56602109301699,288.14897162134315,101323.0993702949,1.224993659388953,340.291679630092
1.7,-0.12614169103830836,-9.628150803942003,-3.160894575390937,-2.8477397762182526,0.0,0.0,0.0,0.0,10.526260696621591,288.15,101325.0,1.2250122659906946,340.29228686527705
1.75,-0.08698197844128656,-9.339469232837127,-2.6799540482356465,-2.3684660422314847,0.0,0.0,0.0,0.0,10.000873494098883,288.15,101325.0,1.2250122659906946,340.29228686527705
1.8,-0.33735259637699455,-10.025106519516,-3.487132407189707,-3.1451243510544793,0.0,0.0,0.0,0.0,11.070440837496523,288.15,101325.0,1.2250122659906946,340.29228686527705
1.85,-0.5104284956572912,-9.56018680490163,-3.05069087458668,-2.558308893870896,0.0,0.0,0.0,0.0,10.356101146346564,288.15,101325.0,1.2250122659906946,340.29228686527705
1.9,0.21520803561785554,-10.272282750919501,-3.850532750438201,-3.388636291373485,0.0,0.0,0.0,0.0,11.481692004763449,288.1486011477685,101322.41467521462,1.2249869564106914,340.29146087325455
1.95,0.10160499272018178,-9.895262291881718,-3.524104923302789,-3.0801592213149127,0.0,0.0,0.0,0.0,10.946365248987194,288.1493395675473,101323.77939809402,1.2250003166672738,340.29189689443126
2.0,-0.12771749182048026,-9.075102541804023,-2.7515456252965733,-2.2221943798906225,0.0,0.0,0.0,0.0,9.739950581720835,288.15,101325.0,1.2250122659906946,340.29228686527705
2.05,0.0332778635167775,-10.255310931996597,-3.885036961053451,-3.5042542389306117,0.0,0.0,0.0,0.0,11.51280644637716,288.1497836938871,101324.60022479433,1.2250083523153812,340.2921591413214
2.1,-0.48421297571482086,-9.053503339279171,-2.620001067335457,-2.3237010351862843,0.0,0.0,0.0,0.0,9.70720942434559,288.15,101325.0,1.2250122659906946,340.29228686527705
2.15,-0.5105833994515273,-9.156976755138583,-2.6559753774866772,-2.3315584501847555,0.0,0.0,0.0,0.0,9.815324411683587,288.15,101325.0,1.2250122659906946,340.29228686527705
2.2,-0.05083780106686332,-8.152927861267369,-1.5836900782402241,-1.1389390636437013,0.0,0.0,0.0,0.0,8.38304772535859,288.15,101325.0,1.2250122659906946,340.29228686527705
2.25,-0.07113230770352977,-8.889362950412359,-2.406049676939983,-1.9607873698011589,0.0,0.0,0.0,0.0,9.415653764961766,288.15,101325.0,1.2250122659906946,340.29228686527705
2.3,-0.13910183759129607,-9.77099750043617,-3.268482343736315,-2.888464669657505,0.0,0.0,0.0,0.0,10.700401727631798,288.15,101325.0,1.2250122659906946,340.29228686527705
2.35,-0.23868630180981287,-8.911312736776175,-2.439838318200633,-1.9384624596396816,0.0,0.0,0.0,0.0,9.4404418550734,288.15,101325.0,1.2250122659906946,340.29228686527705
2.4,-0.2164942695682568,-10.2332474617227,-3.8667999897531145,-3.378443823049308,0.0,0.0,0.0,0.0,11.449252309173241,288.15,101325.0,1.2250122659906946,340.29228686527705
2.45,0.14384405358727978,-9.886391760568362,-3.4959887424668783,-2.967528710630881,0.0,0.0,0.0,0.0,10.898114790150988,288.14906501365164,101323.271974976,1.2249953491403875,340.29173477625955
2.5,0.23345844129940319,-9.569529000519633,-3.1828837122281457,-2.613987668671748,0.0,0.0,0.0,0.0,10.418232362033468,288.14848252013155,101322.19543294859,1.2249848100868275,340.2913908261055
2.55,-0.29579321797512065,-9.760148069371951,-3.353455237450421,-2.887326674685264,0.0,0.0,0.0,0.0,10.716473659371246,288.15,101325.0,1.2250122659906946,340.29228686527705
2.6,-0.40631872886515236,-10.005022362408223,-3.461827660915882,-3.1610651192955044,0.0,0.0,0.0,0.0,11.04884862393352,288.15,101325.0,1.2250122659906946,340.29228686527705
2.65,-0.07097089485055913,-9.771501030129752,-3.261711972626877,-2.963992385359181,0.0,0.0,0.0,0.0,10.719433204916738,288.15,101325.0,1.2250122659906946,340.29228686527705
2.7,-0.15366160185756395,-9.071374356825462,-2.557110784429014,-2.2711718538976986,0.0,0.0,0.0,0.0,9.6946825567138,288.15,101325.0,1.2250122659906946,340.29228686527705
2.75,-0.2985788306753192,-9.664644749478112,-3.1832848663091635,-2.761792675869407,0.0,0.0,0.0,0.0,10.54353638293024,288.15,101325.0,1.2250122659906946,340.29228686527705
2.8,-0.20885745068893594,-9.688305971407441,-3.2896529032550172,-2.800847717576552,0.0,0.0,0.0,0.0,10.608008142745604,288.15,101325.0,1.2250122659906946,340.29228686527705
2.85,-0.4574481326260861,-9.597746553270648,-3.2475832919401086,-2.828383912249533,0.0,0.0,0.0,0.0,10.519662147330546,288.15,101325.0,1.2250122659906946,340.29228686527705
2.9,0.0763519745483461,-9.441850463832617,-3.054706449328786,-2.533213909780604,0.0,0.0,0.0,0.0,10.241920932405845,288.1495037121654,101324.08276674074,1.225003286557112,340.2919938182618
2.95,0.21403120512363505,-9.808749167330891,-3.552797275150843,-3.0384506977594814,0.0,0.0,0.0,0.0,10.865823086570515,288.1486087971667,101322.42881250168,1.2249870948109665,340.29146539006433
3.0,0.027886183171431423,-10.29226497825708,-3.915236575541017,-3.4288513200750588,0.0,0.0,0.0,0.0,11.533291689725525,288.14981873980935,101324.66499629722,1.2250089864085116,340.2921798351634
3.05,0.30320505972891365,-8.944692970570143,-2.462402124653276,-1.9451504588638313,0.0,0.0,0.0,0.0,9.479164882461012,288.14802916711176,101321.35756981574,1.2249766076199657,340.29112313045607
3.1,0.007769157760765779,-9.587950457396618,-3.0979444746729903,-2.746085646870044,0.0,0.0,0.0,0.0,10.44351666449547,288.1499495004745,101324.90666707185,1.2250113522905286,340.29225704643306
3.15,-0.4446097926204004,-9.210423066195832,-2.648008841513305,-2.250458717691825,0.0,0.0,0.0,0.0,9.844206840730237,288.15,101325.0,1.2250122659906946,340.29228686527705
3.2,-0.09916014280406595,-9.777775526769975,-3.1893380275776555,-2.855800502976436,0.0,0.0,0.0,0.0,10.673910615086452,288.15,101325.0,1.2250122659906946,340.29228686527705
3.25,0.05507567611391877,-9.595501562453485,-3.1031301881559097,-2.6806482782672365,0.0,0.0,0.0,0.0,10.434986458614544,288.1496420081052,101324.33836297224,1.2250057887677408,340.29207547898795
3.3,0.07168859093272745,-8.956771530370423,-2.6487202825751033,-2.1678798406833013,0.0,0.0,0.0,0.0,9.588491976646793,288.1495340241589,101324.13878881301,1.2250038349965398,340.29201171683235
3.35,0.22059684451426967,-10.167531120982666,-3.8390696444326817,-3.355805117972796,0.0,0.0,0.0,0.0,11.374470221542976,288.1485661205106,101322.3499393712,1.2249863226639783,340.2914401903898
3.4,0.02628160656243214,-9.330826367416881,-2.9702351159978977,-2.3547665708566905,0.0,0.0,0.0,0.0,10.07132280022904,288.14982916955734,101324.68427245363,1.2250091751161507,340.29218599369864
3.45,-0.1571265162193891,-9.321358568574187,-2.913391311777083,-2.406669092978716,0.0,0.0,0.0,0.0,10.058212098706639,288.15,101325.0,1.2250122659906946,340.29228686527705
3.5,-0.30322481675109225,-9.156602738117044,-2.6786537003377013,-2.259483494216882,0.0,0.0,0.0,0.0,9.804275853456183,288.15,101325.0,1.2250122659906946,340.29228686527705
3.55,-0.17019904508621778,-8.894235595925393,-2.3625775997844185,-1.9403976879134102,0.0,0.0,0.0,0.0,9.405016902594548,288.15,101325.0,1.2250122659906946,340.29228686527705
3.6,-0.15945770027571643,-8.785458897147517,-2.163405322372022,-1.847347400844964,0.0,0.0,0.0,0.0,9.234571080550776,288.15,101325.0,1.2250122659906946,340.29228686527705
3.65,-0.02073685881446309,-9.386465656813028,-2.801231528739144,-2.451143774097878,0.0,0.0,0.0,0.0,10.097561161262231,288.15,101325.0,1.2250122659906946,340.29228686527705
3.7,-0.25522256540269855,-8.821520870877372,-2.3853399216363833,-1.9275285478953217,0.0,0.0,0.0,0.0,9.339402728227794,288.15,101325.0,1.2250122659906946,340.29228686527705
3.75,-0.3030254713674268,-8.94056589735552,-2.4661003900842124,-2.0227674972889162,0.0,0.0,0.0,0.0,9.492468490704539,288.15,101325.0,1.2250122659906946,340.29228686527705
3.8,-0.2524642946388418,-8.730028537762259,-2.521128993512897,-2.030204738580487,0.0,0.0,0.0,0.0,9.31081204582229,288.15,101325.0,1.2250122659906946,340.29228686527705
3.85,-0.2488029588787322,-9.890281001033143,-3.5827205792645,-2.9357421373702497,0.0,0.0,0.0,0.0,10.921177909255656,288.15,101325.0,1.2250122659906946,340.29228686527705
3.9,-0.28976699434383,-10.2491435741158,-3.840521989568149,-3.3851795248400642,0.0,0.0,0.0,0.0,11.456613529773627,288.15,101325.0,1.2250122659906946,340.29228686527705
3.95,-0.1386517292325967,-9.220333158677414,-2.827989763047803,-2.302397640937385,0.0,0.0,0.0,0.0,9.915296493494454,288.15,101325.0,1.2250122659906946,340.29228686527705
4.0,-0.4342771987981507,-9.043291086770337,-2.5125832113460866,-2.0773663099385606,0.0,0.0,0.0,0.0,9.61299323102153,288.15,101325.0,1.2250122659906946,340.29228686527705
4.05,0.10391702468667605,-8.889188965207842,-2.349326685078977,-1.9713328778095143,0.0,0.0,0.0,0.0,9.40335948730717,288.1493245393395,101323.75162331175,1.2250000447602387,340.2918880205997
4.1,-0.18192883539906335,-9.394969795445807,-2.8599248756592317,-2.4245367260025468,0.0,0.0,0.0,0.0,10.115483482636341,288.15,101325.0,1.2250122659906946,340.29228686527705
4.15,-0.12928492593402569,-10.134430989623677,-3.6363519412453855,-3.2931248883116053,0.0,0.0,0.0,0.0,11.259414658589547,288.15,101325.0,1.2250122659906946,340.29228686527705
4.2,-0.22282907224558868,-10.056815393535324,-3.8612733625955484,-3.080422534309589,0.0,0.0,0.0,0.0,11.204372844127478,288.15,101325.0,1.2250122659906946,340.29228686527705
4.25,-0.24929092181680165,-10.284642402124573,-3.7681689220387673,-3.562648277461151,0.0,0.0,0.0,0.0,11.518047973224215,288.15,101325.0,1.2250122659906946,340.29228686527705
4.3,0.0756515726712329,-9.190049281717846,-3.3010040567601395,-2.165675681548051,0.0,0.0,0.0,0.0,10.002188997454418,288.14950826477764,101324.09118079381,1.2250033689281932,340.29199650647996
4.35,0.07528162874537513,-9.828472538348633,-2.678923272662548,-3.37649478523908,0.0,0.0,0.0,0.0,10.732018420252219,288.14951066941313,101324.09562499655,1.2250034124356177,340.2919979263648
4.4,-0.29073428664037676,-8.537142143643585,-3.518971713455125,-1.2665778567713177,0.0,0.0,0.0,0.0,9.320417231440667,288.15,101325.0,1.2250122659906946,340.29228686527705
4.45,-0.04489981142484482,-10.021340478657539,-1.763031236083048,-4.603930883710717,0.0,0.0,0.0,0.0,11.168335762796978,288.15,101325.0,1.2250122659906946,340.29228686527705
4.5,0.22447105159524852,-8.843589096068623,-6.565966630562468,-1.4252587523383622,0.0,0.0,0.0,0.0,11.106410239356405,288.1485409381646,101322.30339848327,1.2249858670409994,340.29142532073917
4.55,0.12585779159522784,-9.971804932345337,2.7452718501727422,-4.830661832021597,0.0,0.0,0.0,0.0,11.415283828072253,288.1491819243546,101323.48804593801,1.2249974644137533,340.29180380952516
4.6,-0.21521622598171505,-9.781245113166253,-14.739385073243742,1.0572021247779397,0.0,0.0,0.0,0.0,17.72117108528198,288.15,101325.0,1.2250122659906946,340.29228686527705
4.65,-0.23612275359839846,-61.65494009548188,57.14770346281826,-34.17157271893293,0.0,0.0,0.0,0.0,90.7462838431249,288.15,101325.0,1.2250122659906946,340.29228686527705
4.7,-0.604229953855677,-81.87022671529311,-40.69264397410908,-85.44567030326266,0.0,0.0,0.0,0.0,125.138274998463,288.15,101325.0,1.2250122659906946,340.29228686527705
4.75,0.06505350284907001,-82.9718399057299,-63.515730398015265,-24.23433733578921,0.0,0.0,0.0,0.0,107.26545264641483,288.1495771522315,101324.21849737146,1.225004615319524,340.2920371830162
4.8,1.160712870698596,-81.52961910886152,-50.04557413274534,-29.06806627986094,0.0,0.0,0.0,0.0,99.98295234469992,288.1424553663404,101311.0568237968,1.2248757648830009,340.2878318983375
4.85,2.102487221056755,-86.26513418834922,-59.99039243134705,-28.274882847715517,0.0,0.0,0.0,0.0,108.81171610011927,288.13633383306313,101299.74480959143,1.2247650197368087,340.28421720305084
4.9,4.113205929123322,-87.40021713632915,-55.25798521652509,-29.910600550668143,0.0,0.0,0.0,0.0,107.64240294126111,288.12326416146067,101275.59671608172,1.2245286009029828,340.2764995831569
4.95,6.597576325752095,-87.18936349208373,-58.60986038585599,-27.1557762894315,0.0,0.0,0.0,0.0,108.51053878073726,288.10711575388257,101245.76665394501,1.2242365386706724,340.266963732909
5.0,9.464736666676245,-92.4494806879624,-57.16088205788756,-27.9801442768946,0.0,0.0,0.0,0.0,112.23707672095485,288.0884792116666,101211.349241746,1.2238995419514067,340.2559582737567
5.05,12.652317101248338,-92.89536310113678,-55.53837121979749,-24.63623072040558,0.0,0.0,0.0,0.0,111.00001363760786,288.06775993884185,101173.09662628666,1.2235249674079165,340.2437224793756
5.1,16.34735549546125,-91.78924687511515,-55.5820712207092,-26.23425770410124,0.0,0.0,0.0,0.0,110.46659567656651,288.0437421892795,101128.76890416701,1.2230908709303412,340.2295382144321
5.15,20.073048452447985,-90.65356819952657,-60.609548832717124,-27.37156517112835,0.0,0.0,0.0,0.0,112.43126529986695,288.0195251850591,101084.08935698669,1.2226532924327707,340.21523567606386
5.2,23.430081446614327,-89.39336333765834,-62.48711139678273,-28.88733525845865,0.0,0.0,0.0,0.0,112.8285896298767,287.997704470597,101043.8445738721,1.2222591152234323,340.2023478690275
5.25,27.87489153121008,-88.85598878973033,-61.86803168088267,-27.481212340873753,0.0,0.0,0.0,0.0,111.70611943663417,287.9688132050471,100990.57926374477,1.2217373626314716,340.1852832835546
5.3,33.31860319772558,-91.8908659957926,-59.140949336323374,-30.275197262646415,0.0,0.0,0.0,0.0,113.3938742223337,287.93342907921476,100925.37438539576,1.2210985864531325,340.1643825330101
5.35,38.837224203102615,-86.22349783785629,-55.210208603654486,-27.10673097984569,0.0,0.0,0.0,0.0,105.91238632883115,287.8975580426798,100859.30704248337,1.2204512810961898,340.14319286237634
5.4,44.99408853235019,-102.86225365502185,-66.29367328547045,-34.809216817869064,0.0,0.0,0.0,0.0,127.2288328962589,287.8575384245397,100785.64016827193,1.2197294229808082,340.119550991515
5.45,50.612050424531134,-79.8585254380414,-57.453514766961625,-20.950494869715605,0.0,0.0,0.0,0.0,100.58436100856714,287.82102167224053,100718.4592820774,1.21907103322461,340.09797702930155
5.5,57.40305517931094,-13.676486675400012,-4.365867207503087,-5.9853828796155275,0.0,0.0,0.0,0.0,15.554159973188508,287.77688014133446,100637.29929137803,1.2182755332361568,340.07189654894756
5.55,62.5752161006444,9.031867738540686,-3.9253653378564706,3.4113887314040867,0.0,0.0,0.0,0.0,10.422125548988934,287.7432610953458,100575.52180083633,1.2176699314767094,340.05203180746713
5.6,66.78655272726645,-13.194395519942297,9.534690712763295,-17.779953395036426,0.0,0.0,0.0,0.0,24.106620311739995,287.71588740727276,100525.24330260527,1.2171770015435706,340.03585645099355
5.65,70.3556885818547,12.808549585915634,46.17374642827734,61.475186395457214,0.0,0.0,0.0,0.0,77.94403340906808,287.69268802421794,100482.6478757659,1.2167593596676194,340.02214712617246
5.7,74.51561544181745,23.20274831474449,-6.34311054312897,47.43097535391114,0.0,0.0,0.0,0.0,53.18176382692716,287.66564849962816,100433.02016911858,1.2162727248378746,340.0061678301521
5.75,78.59215528334278,-6.519068021475171,5.22446610935587,-2.716478613815275,0.0,0.0,0.0,0.0,8.784790837336084,287.63915099065827,100384.40652158202,1.215795989216025,339.99050811547056
5.8,79.99668106060737,4.363811942351369,-2.450154429414822,18.75072294164202,0.0,0.0,0.0,0.0,19.407104942015692,287.63002157310603,100367.66165220668,1.2156317684565943,339.98511257051257
5.85,80.31896489919639,-7.069367448134106,3.7375782083943765,6.612494420840677,0.0,0.0,0.0,0.0,10.376441078050398,287.6279267281552,100363.81967739218,1.2155940885966723,339.9838744914878
5.9,82.98778280295173,0.003404159782070787,0.5544219774072701,12.949711043284395,0.0,0.0,0.0,0.0,12.96157441910117,287.6105794117808,100332.00903351881,1.215282097713498,339.97362184177223
5.95,84.86964826670712,-2.2577796386692106,0.9596389488158938,7.932131275552769,0.0,0.0,0.0,0.0,8.302841825632724,287.5983472862664,100309.58328006613,1.215062140190778,339.9663921977169
6.0,85.30236089750476,-1.2215761005374761,0.39499704445746864,10.822892479814742,0.0,0.0,0.0,0.0,10.898773897286107,287.5955346541662,100304.42731817327,1.21501156787572,339.96472980512226
6.05,87.99341901399725,-2.764590160173486,2.5611147334770883,9.613755092595408,0.0,0.0,0.0,0.0,10.32601348111485,287.578042776409,100272.36699050319,1.2146970926603151,339.95439113292167
6.1,91.30295873931456,-1.7240009225857171,0.7763398962834527,8.436572528206879,0.0,0.0,0.0,0.0,8.645845177848885,287.5565307681944,100232.94966670862,1.2143104274909546,339.9416759089922
6.15,94.05532151451493,-1.7569691014750073,0.0781846501536399,8.109204717296047,0.0,0.0,0.0,0.0,8.297725857731985,287.5386404101556,100200.17799628504,1.213988930989584,339.931100991994
6.2,97.03830024225843,-1.8163626496609244,-0.598988800146612,7.454935711098075,0.0,0.0,0.0,0.0,7.696364551812089,287.5192510484253,100164.67023917008,1.2136405703603124,339.919639648595
6.25,100.24701559790418,-1.3519852854096555,1.6782871294479915,8.460546092758344,0.0,0.0,0.0,0.0,8.730713148908483,287.4983943986136,100126.48681118549,1.2132659329551343,339.9073105376977
6.3,103.58326018023546,-2.4149542100058876,2.0714014048558704,8.3102056554688,0.0,0.0,0.0,0.0,8.898439506601687,287.47670880882845,100086.79829593877,1.212876499546745,339.8944909365315
6.35,107.54863856928111,-1.5111036223474557,1.5832126662661457,7.395747792918549,0.0,0.0,0.0,0.0,7.712786910096554,287.45093384929964,100039.64207079142,1.2124137529477803,339.8792532444692
6.4,111.12381083238473,-1.4751098248268213,0.3841502800526402,7.204968214462968,0.0,0.0,0.0,0.0,7.364447528795818,287.42769522958946,99997.14159526909,1.2119966579145471,339.8655144052058
6.45,114.51292673249476,-0.2238740381166926,1.5202297086007053,8.92611391283194,0.0,0.0,0.0,0.0,9.057412850075169,287.40566597623877,99956.8663968712,1.2116013703820683,339.85249003923906
6.5,117.80728411394624,-1.4710801284180028,0.3865304638085461,6.491432543115137,0.0,0.0,0.0,0.0,6.667246733509465,287.38425265325935,99917.72986954304,1.2112172294921602,339.83982935165994
6.55,121.02185521222971,-1.482398209421555,1.1207278705556556,6.618229258845271,0.0,0.0,0.0,0.0,6.874190420243832,287.3633579411205,99879.5531542955,1.2108424819634085,339.82747483951044
6.6,123.66600132256168,-2.0147001717997117,1.0703495067577546,6.327153015410227,0.0,0.0,0.0,0.0,6.725885081480436,287.3461709914033,99848.15974360322,1.210534299801674,339.8173122963503
6.65,125.97372219484086,-1.9445033234096252,0.9079551665777558,5.891776459320664,0.0,0.0,0.0,0.0,6.270447002078198,287.3311708057335,99820.76717175225,1.2102653779277124,339.80844252563844
6.7,128.69600134140856,-1.8093603741130493,0.9416504323901597,5.925784903166344,0.0,0.0,0.0,0.0,6.2670102296729375,287.3134759912808,99788.46162999253,1.2099482057699502,339.79797909436724
6.75,131.83482630515397,-2.377144252693378,0.6292154879909169,4.812385359737775,0.0,0.0,0.0,0.0,5.4042372060318815,287.2930736290165,99751.22340874617,1.2095825808828056,339.78591421554376
6.8,134.57121199431896,0.381903539444595,1.2381215630093487,7.02610107404718,0.0,0.0,0.0,0.0,7.1445707793369895,287.2752871220369,99718.76880623456,1.2092639029578456,339.7753958657586
6.85,137.50753234744715,-1.282358571296047,-0.295950841564967,5.499158683424928,0.0,0.0,0.0,0.0,5.654447508951448,287.2562010397416,99683.9524112721,1.208922012202282,339.7641086280906
6.9,140.43389431961842,-1.1572186700517404,0.7287381574412947,6.0801574100744835,0.0,0.0,0.0,0.0,6.232056521222421,287.23717968692245,99649.26388816068,1.2085813545302748,339.75285929743626
6.95,142.7105542244739,-0.29589016761049425,1.8561476994630626,6.207245480067157,0.0,0.0,0.0,0.0,6.485578750067317,287.2223813975409,99622.28356717453,1.2083163794430227,339.7441072516634
7.0,145.24041413969167,-1.57251541501884,0.5775941150252086,4.416951892452102,0.0,0.0,0.0,0.0,4.723969063448641,287.20593730809196,99592.30955345242,1.2080219871384008,339.7343815777304
7.05,148.1555558836794,-0.8545099425399864,0.6367804627366361,4.434143793982968,0.0,0.0,0.0,0.0,4.560406537288145,287.18698888675607,99557.77974101543,1.2076828287757182,339.72317439927565
7.1,150.23790050631263,-0.15190619273873773,1.4034952956749682,5.462611025819839,0.0,0.0,0.0,0.0,5.6420735333547904,287.17345364670894,99533.12033470263,1.2074406057142777,339.7151686589854
7.15,152.79813211284656,-0.8287645263467437,1.3669186062552834,5.194933063320599,0.0,0.0,0.0,0.0,5.435314769968633,287.15681214126647,99502.8085049813,1.2071428446945534,339.7053253854151
7.2,156.1146280860011,-0.752331960327642,1.8940178081576238,5.099076924499323,0.0,0.0,0.0,0.0,5.4912559873047355,287.135254917441,99463.5540062142,1.2067572118530683,339.69257409262275
7.25,158.52047939626016,-1.0166888722944867,0.9779060174202981,4.151750526852324,0.0,0.0,0.0,0.0,4.3848590489516095,287.11961688392427,99435.08587037232,1.2064775252045286,339.68332375485056
7.3,161.69659447891365,-0.8606569016100367,0.566728815774365,4.647496083809038,0.0,0.0,0.0,0.0,4.760370962639188,287.09897213588704,99397.51340509031,1.2061083692844112,339.67111141845567
7.35,163.78521986246375,0.2028262966387926,1.0566676823410013,4.9498330182845205,0.0,0.0,0.0,0.0,5.065425155543388,287.085396070894,99372.81187489585,1.2058656580459444,339.66308030018536
7.4,166.1088270754546,-0.8705056176606254,0.6267885113228732,4.040191870135469,0.0,0.0,0.0,0.0,4.180166768899751,287.07029262400954,99345.33712809932,1.2055956843697708,339.654145413847
7.45,168.37223981426757,-1.4606131770720463,0.3410336336251976,3.2645183533056703,0.0,0.0,0.0,0.0,3.5926000154998703,287.0555804412072,99318.58004587171,1.205332748989525,339.64544176524424
7.5,170.73532379985545,-0.5145818246485923,0.7631825135212578,3.5049435348584708,0.0,0.0,0.0,0.0,3.6237923761923074,287.04022039530093,99290.65092033353,1.2050582818465925,339.63635460630474
7.55,173.35238000706653,-1.7018785472086242,-0.4551351732317288,2.850477857951544,0.0,0.0,0.0,0.0,3.3509345911303066,287.02320952995404,99259.72753665777,1.2047543721751677,339.6262905221011
7.6,175.58973346932513,-1.2982177983948067,-0.4518424810982795,2.9098899753242256,0.0,0.0,0.0,0.0,3.2182278894271192,287.00866673244934,99233.29694032866,1.20449460256304,339.61768637656286
7.65,177.60866341537582,-0.2735735674730685,0.6926408793276293,3.8047063352290817,0.0,0.0,0.0,0.0,3.876903942821901,286.9955436878,99209.45154496058,1.2042602299600678,339.6099220308738
7.7,179.4475379071842,-0.2314710467019912,1.0203719617530969,3.843367721861838,0.0,0.0,0.0,0.0,3.983241548191954,286.9835910036033,99187.73680569272,1.2040467899131457,339.6028499830619
7.75,181.779139846886,-1.719227441503484,-0.42748967124147513,2.139220200645723,0.0,0.0,0.0,0.0,2.777544505761787,286.9684355909952,99160.20912365514,1.2037762000996817,339.59388276432963
7.8,183.70594757022675,-1.3169981574465315,0.37905550158581225,2.431565912863275,0.0,0.0,0.0,0.0,2.791178963914468,286.9559113407935,99137.46524795788,1.20355262305139,339.58647218422095
7.85,186.37395138925322,-0.21770514955953857,1.2106604035035278,3.2714513378696894,0.0,0.0,0.0,0.0,3.495066236969687,286.93856931596986,99105.97933033032,1.2032430937977467,339.57621066707367
7.9,188.55465082462717,0.4615680359983171,1.6362624108134503,3.8034157000185487,0.0,0.0,0.0,0.0,4.166097780422824,286.9243947696399,99080.25025305043,1.202990144540814,339.56782316066875
7.95,190.00229555796577,-0.9034722644176637,-0.050520417668781514,1.9037091271716025,0.0,0.0,0.0,0.0,2.107824206628692,286.9149850788732,99063.17314085513,1.2028222481048845,339.56225504853563
8.0,192.5730637792612,-1.217332078254243,-0.30676963930441864,1.585295079649686,0.0,0.0,0.0,0.0,2.0221685117485295,286.89827508543476,99032.85299910723,1.202524137077773,339.55236681340284
8.05,193.86941414472912,0.33579691904409237,1.040049437186683,3.0559014079035647,0.0,0.0,0.0,0.0,3.245457720793606,286.88984880805924,99017.56644036926,1.2023738313370358,339.5473804058791
8.1,196.2077105253613,-1.370286961812543,-0.027877905180502593,1.5759878502499105,0.0,0.0,0.0,0.0,2.0885883365196785,286.8746498815851,98989.99808946368,1.2021027531897597,339.53838597117795
8.15,197.80152450340142,-1.2636964607252845,0.5385025923646412,2.082268193552526,0.0,0.0,0.0,0.0,2.4945449718763437,286.8642900907279,98971.21069626277,1.20191800950904,339.53225510805424
8.2,200.0565385271675,-1.1925782923667576,0.8717793753495056,1.7229596413787185,0.0,0.0,0.0,0.0,2.269544489215637,286.8496324995734,98944.63421103822,1.201656661287644,339.52358064294083
8.25,201.89168041048202,-1.2261299987595395,1.1388913656419493,1.4544919087805501,0.0,0.0,0.0,0.0,2.217208837547772,286.83770407733186,98923.01039736831,1.2014440068642849,339.51652115553577
8.3,204.24245666490688,-1.092077431212452,0.3744671579788039,1.362390366696041,0.0,0.0,0.0,0.0,1.785767700299925,286.8224240316781,98895.3163599071,1.2011716433034374,339.5074778935075
8.35,206.36406555676984,-1.2095393617415062,0.0658186322893547,1.125007853844392,0.0,0.0,0.0,0.0,1.6531667281826283,286.80863357388097,98870.32748864614,1.2009258718847182,339.4993160145327
8.4,207.70688857553338,0.1541071360818328,1.4794414991997633,2.472277553051542,0.0,0.0,0.0,0.0,2.885247382507834,286.799905224259,98854.51400589407,1.2007703364614253,339.4941500416067
8.45,209.15335526379852,-0.06282516068027316,1.0903487443901119,2.155064916725867,0.0,0.0,0.0,0.0,2.416011626733254,286.7905031907853,98837.48227579583,1.200602813523942,339.4885852532908
8.5,210.92270620962287,-2.1005173387244316,-0.8278526938524208,0.3926909674020893,0.0,0.0,0.0,0.0,2.2916630138133023,286.7790024096374,98816.6519072248,1.2003979199703925,339.4817781536455
8.55,213.00102212343074,-2.300831686196114,-0.7219370475612955,0.36867383038269086,0.0,0.0,0.0,0.0,2.4394548452583864,286.7654933561977,98792.18866930685,1.2001572819664086,339.47378222044654
8.6,214.82449056258363,-1.1275047768855697,0.5417447964014761,1.1038853614779125,0.0,0.0,0.0,0.0,1.6683277069008584,286.7536408113432,98770.7292041502,1.1999461818971715,339.4667666103038
8.65,216.44963560027463,-0.09830815958448871,1.1877764113108968,1.7006405878149686,0.0,0.0,0.0,0.0,2.076693455094209,286.74307736859816,98751.60688661902,1.1997580653571207,339.4605139071679
8.7,217.1420718868718,0.039057559165301195,0.8839620407659683,1.4031361519769816,0.0,0.0,0.0,0.0,1.6588265260200832,286.7385765327353,98743.46022521402,1.1996779201544858,339.45784974162893
8.75,219.08732167617433,-0.6350987263017575,0.4048364020010796,0.9850923982229773,0.0,0.0,0.0,0.0,1.2400201359542478,286.72593240910487,98720.5768560892,1.1994527914797304,339.4503652336332
8.8,220.7198180854669,-0.545285979863189,0.2628011395632853,0.8377538453802215,0.0,0.0,0.0,0.0,1.0335534549506704,286.7153211824444,98701.37594360602,1.1992638834889344,339.4440839425382
8.85,221.8794548918412,-0.41573184976565253,0.5358361035015917,1.2109728617506297,0.0,0.0,0.0,0.0,1.3879512140640424,286.707783543203,98687.73849503712,1.1991297073372,339.43962198380285
8.9,222.94821028031734,-1.2985378961134402,-0.0327288523503545,0.5314188592078964,0.0,0.0,0.0,0.0,1.4034521186491233,286.7008366331779,98675.17117245325,1.199006056819403,339.43550965945684
8.95,224.72082932200954,-1.112397977960011,0.47471460754317946,0.912819558489824,0.0,0.0,0.0,0.0,1.5152632663487733,286.6893146094069,98654.33008758033,1.1988009937342659,339.42868892019476
9.0,226.26061613355907,0.05520855591257101,1.4898907587517352,1.765571483360638,0.0,0.0,0.0,0.0,2.310858091816989,286.67930599513187,98636.22935709501,1.1986228873141085,339.42276396886473
9.05,227.70261127451113,0.29118097435987456,1.6068300952461696,1.8413508843595028,0.0,0.0,0.0,0.0,2.461150624027206,286.6699330267157,98619.28064028811,1.1984561107675455,339.41721521668023
9.1,228.82572921310918,0.49966464307930303,1.5874002862722287,1.7772720495552123,0.0,0.0,0.0,0.0,2.434789593071834,286.6626327601148,98606.08153056516,1.198326226837141,339.4128934311532
9.15,230.33641746405587,-0.24223858985534308,0.5061686246796506,1.0161038008078616,0.0,0.0,0.0,0.0,1.1607554199922465,286.6528132864836,98588.3298720472,1.198151538992535,339.40708017871276
9.2,231.51634698838842,-0.16506398868226918,0.6468976374403508,1.1525349905648594,0.0,0.0,0.0,0.0,1.33193827866082,286.6451437445755,98574.46666315528,1.1980151118549878,339.40253964375773
9.25,232.8288223577169,-1.0181135411862532,-0.2889260077675018,0.186141226230778,0.0,0.0,0.0,0.0,1.0745612950474146,286.6366126546748,98559.04800325532,1.1978633733148194,339.3974889823644
9.3,233.85265507084614,0.17038764385049499,0.9299458503727407,1.345598021706597,0.0,0.0,0.0,0.0,1.6445258495454276,286.6299577420395,98547.021607069,1.1977450156784162,339.3935490220658
9.35,235.3350880145773,0.46846906150498124,1.2545716240640699,1.6389677725660505,0.0,0.0,0.0,0.0,2.1165133075424394,286.62032192790525,98529.61039371579,1.197573658557805,339.3878441741355
9.4,236.27537032477096,0.360100816792217,1.0711871426553392,1.5698679498101709,0.0,0.0,0.0,0.0,1.934321553590747,286.614210092889,98518.56804470926,1.197464979336329,339.38422563523676
9.45,237.89119615067418,-0.8420722082717107,-0.19719834674700698,0.23613949759512998,0.0,0.0,0.0,0.0,0.8965124952993285,286.60370722502057,98499.59468780462,1.1972782374191204,339.3780072758384
9.5,238.82292086717803,-0.06440784111003467,0.6742716740475174,0.9899296087808735,0.0,0.0,0.0,0.0,1.1994795916397871,286.5976510143633,98488.65553088776,1.197170567587155,339.3744215658307
9.55,240.09261083934422,-0.12773776894130484,0.684690328180115,0.8297858445539144,0.0,0.0,0.0,0.0,1.0833569729962274,286.5893980295442,98473.7499885047,1.197023854515905,339.36953514735666
9.6,240.89319758953266,0.10610330501769283,0.8708867081836406,1.012242491172083,0.0,0.0,0.0,0.0,1.3395284359657618,286.584194215668,98464.3524286984,1.1969313535390236,339.3664540426035
9.65,242.40086721546103,-0.3919346000138011,0.41402526534392514,0.3656150695630492,0.0,0.0,0.0,0.0,0.6772769227743399,286.5743943630995,98446.65686090187,1.1967571700074153,339.3606516122616
9.7,243.1881298134955,-0.5077358928342846,0.31173363315688996,0.10184143491092973,0.0,0.0,0.0,0.0,0.6044379809195809,286.56927715621225,98437.41775744014,1.1966662239821984,339.35762170719994
9.75,244.174899152109,-0.2715635427155365,0.5790701070718541,0.21241461936129938,0.0,0.0,0.0,0.0,0.6739353953865513,286.56286315551125,98425.83828774304,1.1965522380380533,339.3538239305774
9.8,245.21928995874822,-0.28346015855704465,0.5191778619399093,0.1477457691707702,0.0,0.0,0.0,0.0,0.6096918288164463,286.55607461526813,98413.58384727858,1.1964316050401083,339.34980434006116
9.85,246.26380612159687,-1.2959673574988921,-0.5806561034370342,-0.9448889055715908,0.0,0.0,0.0,0.0,1.7057279812542268,286.5492852602096,98401.3291716322,1.1963109668689593,339.3457842194602
9.9,247.18514748923874,0.37194979623973734,1.1086249595044402,0.9650205228229276,0.0,0.0,0.0,0.0,1.5161334246129001,286.54329654131993,98390.52065696435,1.1962045627051012,339.34223813292124
9.95,248.18021457169235,-0.6147837206663221,0.08625660273342506,-0.16811297188757734,0.0,0.0,0.0,0.0,0.643164983521578,286.536828605284,98378.84832502961,1.1960896522151663,339.3384082469968
10.0,248.85073333593033,-0.27923082810974803,0.3694068179874552,0.10791085007147115,0.0,0.0,0.0,0.0,0.4754745041593924,286.5324702333164,98370.98364084568,1.1960122253744072,339.3358274816599
10.05,249.56495039122385,-1.4782690615763505,-0.8433410312732297,-1.1271955260849875,0.0,0.0,0.0,0.0,2.0413410463391046,286.527827822457,98362.60696831337,1.195929756776559,339.33307850401326
10.1,250.81868369255704,-0.13840381505182203,0.5319590336842873,0.16799080374554629,0.0,0.0,0.0,0.0,0.5747668568056915,286.5196785559984,98347.9039931141,1.1957850023038925,339.32825290756307
10.15,250.91935758139041,-0.4068051338106359,0.2739334010183033,0.0217080320587969,0.0,0.0,0.0,0.0,0.49091869361841345,286.5190241757209,98346.7234318972,1.1957733792045167,339.3278654126374
10.2,252.00047322021243,-0.4503408377308546,0.24301060913265282,-0.05063196097971495,0.0,0.0,0.0,0.0,0.514222346608743,286.51199692406857,98334.04635748192,1.1956485666418006,339.3237041585445
10.25,252.23542250870466,-0.24829343098640316,0.46261588273949206,0.042562722199790994,0.0,0.0,0.0,0.0,0.5267586431705661,286.51046975369337,98331.29153618788,1.1956214435511476,339.3227998232903
10.3,252.94275958299474,-1.0017865831812056,-0.28052894445984644,-0.852290266933643,0.0,0.0,0.0,0.0,1.3448685980538957,286.5058720627105,98322.9982631729,1.1955397897608997,339.32007722184886
10.35,253.85081508580353,0.49461935354180053,1.2259065961407924,0.7086887797239614,0.0,0.0,0.0,0.0,1.4999116886891208,286.49996970194223,98312.35246897806,1.1954349716301649,339.3165820058305
10.4,254.48749884608623,-0.7965450380646393,-0.09674001473128346,-0.5248404777193595,0.0,0.0,0.0,0.0,0.9588014159190067,286.4958312575004,98304.8887194723,1.1953614825164036,339.3141313111667
10.45,255.14768041780485,0.420548786474257,1.1084080830590497,0.5461166086889792,0.0,0.0,0.0,0.0,1.305248294648018,286.49154007728424,98297.14999314926,1.1952852848217448,339.3115901510855
10.5,255.7940373904091,-0.2194297021679058,0.5165604936971779,-0.13154986256930684,0.0,0.0,0.0,0.0,0.5764455778164767,286.48733875696234,98289.57379832714,1.195210686352693,339.30910218598683
10.55,256.16272108141925,-0.5846194685957978,0.09652433203125849,-0.5466964155153198,0.0,0.0,0.0,0.0,0.8062095512164396,286.48494231297076,98285.25252895757,1.1951681367880527,339.30768303608096
10.6,256.62578128951736,-0.41350573365006077,0.3069464627137224,-0.3943238530759474,0.0,0.0,0.0,0.0,0.6486096081917095,286.4819324216181,98279.82530885375,1.1951146969277207,339.30590060044
10.65,257.41548493968867,-0.2449521280614279,0.46703799486904685,-0.2086804426590969,0.0,0.0,0.0,0.0,0.5671627287133021,286.476799347892,98270.5702784594,1.1950235647179899,339.3028608101284
10.7,257.90924318370935,-0.4511626383548201,0.231665718560277,-0.44250677712715963,0.0,0.0,0.0,0.0,0.6730742746583006,286.4735899193059,98264.78397573339,1.1949665874624618,339.3009601826547
10.75,258.0431230216371,1.1365993557958225,1.8638286059242937,1.3148479359776715,0.0,0.0,0.0,0.0,2.5484387892594,286.47271970035933,98263.21509905093,1.194951138750501,339.3004448361119
10.8,258.6645917260167,0.018230669879516548,0.6821126971608544,0.18874059549995145,0.0,0.0,0.0,0.0,0.7079781785775517,286.4686801537809,98255.93265670694,1.1948794280038948,339.29805259299667
10.85,259.04314977779035,0.21726461526995053,0.9131032622600104,0.2922125591317934,0.0,0.0,0.0,0.0,0.9830308542017513,286.4662195264443,98251.49688374481,1.1948357481249803,339.296595386827
10.9,259.42138341468524,-0.9530294075852247,-0.358813848931115,-0.9611383823247208,0.0,0.0,0.0,0.0,1.400285477995393,286.4637610078045,98247.06507407638,1.1947921068986556,339.2951394231966
10.95,259.9356819089943,-0.42986727678243264,0.18585715740890268,-0.45582785210919263,0.0,0.0,0.0,0.0,0.6535348417390936,286.4604180675915,98241.03923556575,1.1947327682390996,339.2931596846936
11.0,260.0489004033111,-0.5679376613784469,0.06088516713133629,-0.5871135884444041,0.0,0.0,0.0,0.0,0.8191230411389337,286.45968214737843,98239.71273801728,1.194719705634338,339.2927238603371
11.05,260.00051446536986,0.002192864163094027,0.5709203341984015,-0.05856694577974157,0.0,0.0,0.0,0.0,0.5739206598410789,286.4599966559751,98240.27963857123,1.1947252881575254,339.2929101176986
11.1,260.6494347144096,0.7549417792213728,1.3557156870528622,0.7487775074558155,0.0,0.0,0.0,0.0,1.7229538211475344,286.45577867435634,98232.67696314097,1.1946504207037019,339.29041214844784
11.15,260.84023410703605,0.18230673193473212,0.7215069597639728,0.17411558189011364,0.0,0.0,0.0,0.0,0.7642802322142751,286.45453847830424,98230.44166991129,1.1946284084122964,339.2896776771674
11.2,261.56232568601484,0.5743186265785096,1.1979467111970457,0.4865148577938029,0.0,0.0,0.0,0.0,1.4147844056805854,286.4498448830409,98221.98244345283,1.1945451044036763,339.28689801279927
11.25,261.31624331176437,0.885718415743332,1.4738428561069399,0.8325422453930572,0.0,0.0,0.0,0.0,1.9104545183930586,286.4514444184735,98224.86520617318,1.1945734931681398,339.28784530019925
11.3,261.49772667246503,-0.637094417775505,-0.005890462813891939,-0.6225294127177032,0.0,0.0,0.0,0.0,0.8907675703636275,286.45026477662896,98222.73919003687,1.1945525566801387,339.2871466851992
11.35,261.9522786686249,-0.3423779665107327,0.33885955520368527,-0.35970959762556826,0.0,0.0,0.0,0.0,0.6011983572239799,286.4473101886539,98217.41443081034,1.1945001193725204,339.285396893993
11.4,261.97304684678653,0.023751145533940768,0.6827629407783389,0.006790099815389208,0.0,0.0,0.0,0.0,0.6832096718211496,286.44717519549584,98217.17115168914,1.1944977235889043,339.2853169469818
11.45,261.9989034993584,0.013582943785772475,0.6358078437125793,-0.11326179841406056,0.0,0.0,0.0,0.0,0.6459600184750712,286.44700712725415,98216.86826669353,1.1944947408122064,339.28521741188433
11.5,262.07173971674865,-0.14655634128359432,0.5880017934745188,-0.15068718500628653,0.0,0.0,0.0,0.0,0.6244449519571784,286.4465336918411,98216.01506683746,1.1944863385884714,339.2849370289524
11.55,262.002685669703,0.9362474196966194,1.574743059185858,0.8436846810438622,0.0,0.0,0.0,0.0,2.0169726756628847,286.44698254314693,98216.82396238908,1.194494304508351,339.28520285242985
11.6,262.3025769411021,0.7930230624255191,1.578430393790655,0.718056921581498,0.0,0.0,0.0,0.0,1.9068124785127585,286.44503324988284,98213.31109063333,1.1944597100193752,339.2840484198018
11.65,262.28053276902267,-0.12580554680900385,0.5697551289077746,-0.22041249736419966,0.0,0.0,0.0,0.0,0.6237223833717614,286.4451765370013,98213.56930858726,1.1944622529378028,339.2841332790626
11.7,262.32428705686397,-0.40387400281539465,0.5038218645227512,-0.5002825026230903,0.0,0.0,0.0,0.0,0.816843475674583,286.4448921341304,98213.05678623896,1.1944572056402571,339.28396484647334
11.75,262.0451325229926,0.44919801476216975,1.2151061095118787,0.2748052794817179,0.0,0.0,0.0,0.0,1.3243034604917383,286.4467066386005,98216.32674149625,1.194489407929811,339.2850394533399
11.8,262.0337797692547,0.6990391204919179,1.576701398357554,0.7475942930745186,0.0,0.0,0.0,0.0,1.8797713208255862,286.4467804314998,98216.45972704017,1.1944907175577844,339.28508315575385
11.85,262.13285350866295,0.3694035927777028,1.4707878984711364,0.37787441981010617,0.0,0.0,0.0,0.0,1.5628388060811138,286.4461364521937,98215.29918752522,1.194479288672502,339.2847017713046
11.9,261.85206322930526,-0.7041179859828233,0.7071765336996956,-0.4378710555879293,0.0,0.0,0.0,0.0,1.0897760546652286,286.4479615890095,98218.5883646165,1.1945116801160167,339.2857826726243
11.95,261.99999642647026,0.4032611087330331,2.453099612270067,0.673303367322495,0.0,0.0,0.0,0.0,2.5755882151430884,286.44700002322793,98216.85546415494,1.1944946147342361,339.28521320466444
12.0,261.7270354452066,-2.0775383574857753,-0.4362641096641703,-1.6416572776811198,0.0,0.0,0.0,0.0,2.68356677158761,286.44877426960613,98220.052968672,1.1945261033044876,339.2862639655879
12.05,260.9714810636372,0.05524835324758104,1.0874730929318959,0.01717950181628089,0.0,0.0,0.0,0.0,1.0890111311047692,286.45368537308633,98228.90408183302,1.1946132667923703,339.28917244863885
12.1,260.92021304925646,-3.6855532248976783,2.1523658470481264,-1.4327638045040083,0.0,0.0,0.0,0.0,4.50208767491146,286.4540186151798,98229.5046960135,1.1946191814323337,339.28936980235954
12.15,260.4888696541195,-1.0109087864515005,0.4576797916941082,-0.5822896198176868,0.0,0.0,0.0,0.0,1.253183373492257,286.4568223472482,98234.55808066722,1.1946689451377839,339.29103023317407
12.2,260.5509394696481,-0.4568599229768694,0.8542401213742894,0.17167523823948283,0.0,0.0,0.0,0.0,0.9838290306819446,286.4564188934473,98233.83089149583,1.1946617841004594,339.2907912996014
12.25,260.2167948922502,-1.0161394517659021,0.6559901673226287,-0.040831981577719334,0.0,0.0,0.0,0.0,1.2101775637395704,286.45859083320033,98237.74566888834,1.1947003349777168,339.2920775646526
12.3,259.88704274812847,-0.9794823774912926,0.53388161766655,-0.05465912067947337,0.0,0.0,0.0,0.0,1.1168719393787725,286.46073422213715,98241.60910917418,1.1947383800248506,339.29334691657346
12.35,259.4885900033786,-0.7532461615042056,0.9751215281520262,0.531763140178255,0.0,0.0,0.0,0.0,1.342018558641646,286.463324164978,98246.27762321399,1.194784352618227,339.29488071908736
12.4,259.4109935485992,-0.18002485614641617,1.3241196078338366,1.1699282344547273,0.0,0.0,0.0,0.0,1.7760725656500993,286.4638285419341,98247.18681124272,1.1947933056824025,339.2951794177852
12.45,258.89878346785514,-0.8125230669482282,0.6751235634170334,0.5374386195815453,0.0,0.0,0.0,0.0,1.1852534876648053,286.4671579074589,98253.1884840953,1.194852405671575,339.297151105444
12.5,258.43190687036787,0.055987898043683204,1.4326520988360651,1.5004430694995812,0.0,0.0,0.0,0.0,2.075320718789281,286.47019260534256,98258.65923364407,1.1949062769264165,339.2989482776347
12.55,257.69623263088766,-0.2319465458802803,0.987212055115647,1.290475988881714,0.0,0.0,0.0,0.0,1.641254130167443,286.4749744878992,98267.2801909358,1.1949911675702056,339.30178012714885
12.6,257.5907988350358,-1.071028156909915,0.03380867095350176,0.48778281713375726,0.0,0.0,0.0,0.0,1.1773599346913568,286.47565980757224,98268.51576113254,1.1950033341249213,339.3021859741977
12.65,257.11941470442974,0.07750120535456517,1.128785091296503,1.607176938355194,0.0,0.0,0.0,0.0,1.9654973747999358,286.4787238044212,98274.04002779946,1.1950577307533146,339.3040004704966
12.7,256.3869925447551,-0.5176565008664497,0.3622470838578914,0.8442703043335548,0.0,0.0,0.0,0.0,1.0545063060182789,286.48348454845905,98282.62396229163,1.1951422543192578,339.3068197597703
12.75,255.84852853189076,-0.5952291035519814,0.25795627506176594,0.4997261991107129,0.0,0.0,0.0,0.0,0.8188805771519293,286.4869845645427,98288.93510863643,1.1952043974896085,339.3088924371903
12.8,255.14526320340752,-0.42889238639016125,0.3210838907298817,0.5756416852970421,0.0,0.0,0.0,0.0,0.7863885132943542,286.4915557891778,98297.178327122,1.1952855638081599,339.3115994554222
12.85,254.72642197710596,-0.6052479414706905,0.15550062672400566,0.32097473495676554,0.0,0.0,0.0,0.0,0.7025171144154659,286.4942782571488,98302.0879773629,1.1953339057468761,339.3132116543657
12.9,254.2626740018083,-0.43471213484887333,0.2887129802188909,0.4391390406162513,0.0,0.0,0.0,0.0,0.6820358657175591,286.49729261898824,98307.5242554463,1.1953874324907139,339.31499669892696
12.95,253.73340337143142,-0.8990538322298756,-0.15250877340781088,-0.09976240600354058,0.0,0.0,0.0,0.0,0.9173381366024175,286.50073287808567,98313.72891924204,1.1954485242346111,339.317033939819
13.0,253.29332025374177,-0.3835126204495244,0.346599360622345,0.427688860141594,0.0,0.0,0.0,0.0,0.6709178846305226,286.50359341835065,98318.88827519535,1.1954993232137434,339.31872787547786
13.05,252.6066368573396,-1.1254732553659155,-0.4957609350900439,-0.3386584695851589,0.0,0.0,0.0,0.0,1.2756012356246242,286.50805686042725,98326.93911071998,1.1955785906653729,339.32137098995094
13.1,251.5871122507475,-0.40379457975841887,0.19015625498068012,0.36111511698229776,0.0,0.0,0.0,0.0,0.5741198408552818,286.51468377037014,98338.89323847888,1.1956962871332089,339.3252952062352
13.15,250.51973505548767,-0.2525856843467665,0.44446215072173634,0.6255070244349304,0.0,0.0,0.0,0.0,0.8078398164107514,286.5216217221393,98351.40970824538,1.1958195173210442,339.32940356160725
13.2,249.97851959480357,-0.517729142088736,-0.107247904921284,-0.0512751977414006,0.0,0.0,0.0,0.0,0.531201208188915,286.52513962263373,98357.75669883248,1.1958820051140022,339.33148669132936
13.25,249.25904335639686,-0.1457752493188068,0.30053567615183074,0.30812880699809386,0.0,0.0,0.0,0.0,0.45443974040137264,286.5298162181834,98366.19471874481,1.1959650784531182,339.3342559241571
13.3,248.57779189196722,-0.3835143100732648,0.04813353836730949,-0.01808376853452881,0.0,0.0,0.0,0.0,0.386945844054617,286.5342443527022,98374.18497863715,1.1960437422902022,339.3368780106584
13.35,247.7274947354639,0.07693243409058631,0.5650111540831537,0.40304599759366677,0.0,0.0,0.0,0.0,0.69828524245451,286.53977128421946,98384.15867842406,1.196141931319931,339.3401507130998
13.4,247.31281065349484,-0.06889986741787424,0.49986353193091193,0.3163057286809352,0.0,0.0,0.0,0.0,0.5955334216322572,286.54246673075227,98389.02308031941,1.1961898196722656,339.34174677614806
13.45,246.31491431878723,-0.45145187660423197,0.2419395239624551,0.1291034757446572,0.0,0.0,0.0,0.0,0.5282151432835047,286.54895305692787,98400.72958181317,1.196305064279601,339.3455875136549
13.5,245.62848717289643,-0.5501310871058007,0.2247900463322825,-0.0038920657777374856,0.0,0.0,0.0,0.0,0.594297842925833,286.55341483337617,98408.78283692223,1.1963843430029486,339.34822943267125
13.55,244.21948974417518,1.0840842819409229,1.8956574184619917,1.8536508124801783,0.0,0.0,0.0,0.0,2.864398211340346,286.56257331666285,98425.31505532587,1.1965470873843302,339.3536523138764
13.6,243.64593445895076,0.6165953957500294,1.622704953878405,1.3677423465680278,0.0,0.0,0.0,0.0,2.209995560175872,286.5663014260168,98432.04540732862,1.196613339977821,339.3558597609202
13.65,242.31301433917915,-0.12010189013779249,1.0423401891672266,0.7657306901798836,0.0,0.0,0.0,0.0,1.298938421885811,286.5749654067953,98447.68792232929,1.1967673192614354,339.360989726322
13.7,241.17298087786833,-0.8775933088711269,0.3431975075604047,0.12191391068271906,0.0,0.0,0.0,0.0,0.950167115085026,286.58237562429383,98461.06840846136,1.1968990282537213,339.365377273721
13.75,239.93143341795573,-0.8071515034512919,0.326747686729524,0.27341066912570844,0.0,0.0,0.0,0.0,0.9126943597385402,286.59044568278324,98475.6420317672,1.197042477854822,339.3701554446709
13.8,238.99615541782686,-0.23970129826352604,0.9551132517064257,1.050770156850952,0.0,0.0,0.0,0.0,1.440074983639052,286.5965249897841,98486.62173394738,1.1971505494705528,339.3737548745402
13.85,237.5614862592512,-0.68910924972393,0.40336455158677564,0.47403774921998126,0.0,0.0,0.0,0.0,0.9285937255966271,286.6058503393148,98503.46596840284,1.1973163403709675,339.37927614375695
13.9,237.180353343666,-0.1487267443737238,0.71772647213152,1.039097086502972,0.0,0.0,0.0,0.0,1.2716028029496196,286.6083277032661,98507.94118470009,1.197360387185002,339.38074290405984
13.95,235.9357842460721,-0.4717145000778973,0.39833884883492376,0.7268790800166834,0.0,0.0,0.0,0.0,0.9536989069097086,286.6164174024005,98522.55591011439,1.197504228327593,339.38553248702675
14.0,234.45149241493016,-0.24659838950856527,0.47350981327281433,1.0350186250802096,0.0,0.0,0.0,0.0,1.1645968672621445,286.6260652993029,98539.98794703542,1.1976757927224302,339.39124452736087
14.05,233.4119647442181,-0.7090742375306012,0.028746049497172743,0.38520803155411115,0.0,0.0,0.0,0.0,0.8074638303138354,286.63282222916257,98552.19800674396,1.1977959594916876,339.3952449125261
14.1,232.50331346282698,-0.2743794093364095,0.42606569477904066,0.8597662956841898,0.0,0.0,0.0,0.0,0.9980050699920604,286.6387284624916,98562.87182504594,1.1979010048361887,339.3987416111343
14.15,231.28757760761232,0.26583898822879015,1.0820165383655649,1.4681365581455612,0.0,0.0,0.0,0.0,1.8430559162224573,286.6466307455505,98577.154393303,1.1980415619566815,339.40341998529476
14.2,229.85838799307666,-0.15097849421974574,0.707101032206374,1.1874271211003717,0.0,0.0,0.0,0.0,1.3902408220840368,286.655920478045,98593.94677751989,1.198206813636174,339.408919686139
14.25,228.5269053620112,-0.2361408296854772,0.8770880773956465,1.0108596480181677,0.0,0.0,0.0,0.0,1.359000814917177,286.66457511514693,98609.59322937488,1.1983607835243693,339.414043318075
14.3,227.36094338070964,0.07168617131942379,1.2967041325102016,1.4001250212877516,0.0,0.0,0.0,0.0,1.909693847103116,286.67215386802536,98623.29627444559,1.198495625378543,339.4185299522455
14.35,225.98961778049522,-0.2892245786947552,1.0858757788960616,1.0032084219934545,0.0,0.0,0.0,0.0,1.5063877993640562,286.68106748442676,98639.41484214911,1.198654232098831,339.4238067519227
14.4,224.5379410838498,-0.395530477217934,0.9933164439792362,1.0994719085894835,0.0,0.0,0.0,0.0,1.53361024842207,286.69050338295494,98656.48018123815,1.1988221496763638,339.4293926496468
14.45,223.20924799317555,-1.3513988685618266,0.15428316345094556,0.854935886725229,0.0,0.0,0.0,0.0,1.6065483394175446,286.69913988804433,98672.10186892375,1.1989758573326572,339.4345052389465
14.5,222.33639492376102,-0.9800073122603276,0.007505379703165116,-0.07880610368775376,0.0,0.0,0.0,0.0,0.9831994023526687,286.70481343299554,98682.36525215715,1.199076840097408,339.437863789999
14.55,221.37972146093588,-0.5312436986141151,1.1406394464426168,3.4527370387598237,0.0,0.0,0.0,0.0,3.674870238923013,286.71103181050387,98693.61522468431,1.1991875277471808,339.44154482574345
14.6,220.0810957165241,1.0321495115130033,1.1491131993168815,-0.603650452268611,0.0,0.0,0.0,0.0,1.6583689660280394,286.7194728778426,98708.88803630615,1.1993377919724983,339.44654154287474
14.65,218.52099654020455,-2.44405721235047,-0.2515070537609486,5.271412217681177,0.0,0.0,0.0,0.0,5.815879832325652,286.72961352248865,98727.23850189429,1.199518330383762,339.4525442330378
14.7,216.92825696222135,2.935628610975841,2.064667208089717,-4.233784522955326,0.0,0.0,0.0,0.0,5.550288047350064,286.7399663297455,98745.97574557649,1.199702667467877,339.45867240200954
14.75,215.08191027727958,-5.836616093088881,-1.549507734359635,10.350987112872128,0.0,0.0,0.0,0.0,11.983738809227665,286.75196758319765,98767.70006756828,1.199916383110536,339.46577620234365
14.8,214.29056238155377,8.831693599048139,5.364191617965619,-12.150218950154075,0.0,0.0,0.0,0.0,15.949958748485956,286.7571113445199,98777.01234032847,1.2000079909804078,339.4688208599167
14.85,212.57540052398755,-19.31553611015372,-7.555889377285656,24.699616248979222,0.0,0.0,0.0,0.0,32.25294470821647,286.76825989659403,98797.19813509923,1.2002065595981322,339.4754197355741
14.9,210.6661595197587,66.03802330983332,18.829535078598294,-72.26019266894222,0.0,0.0,0.0,0.0,99.68504079599359,286.78066996312157,98819.6719820217,1.2004276268123049,339.4827651561706
14.95,209.1149887156776,47.56932645806444,100.58704253623884,-33.75962661142221,0.0,0.0,0.0,0.0,116.27685210222918,286.7907525733481,98837.93400020964,1.2006072567254167,339.48873285670527
15.0,209.87027208763544,-1.671710269842585,-1.0484289008851246,34.77530256570955,0.0,0.0,0.0,0.0,34.83124297126294,286.78584323143036,98829.04166669164,1.2005197902321543,339.4858271259861
15.05,217.9387252901284,16.123129056471303,11.446917554177638,-19.55535859312777,0.0,0.0,0.0,0.0,27.810056845853186,286.73339828561416,98734.0881003168,1.199585717534386,339.4547845723194
15.1,225.7978041330688,17.346892491686084,-50.117173693456444,67.28454982176139,0.0,0.0,0.0,0.0,85.6729620291915,286.68231427313503,98641.66959072668,1.1986764184336456,339.42454483573334
15.15,235.76904960897426,-6.47871389123503,1.7878396073111005,76.48282930013289,0.0,0.0,0.0,0.0,76.77755714985479,286.61750117754167,98524.51397488776,1.1975234996966464,339.38617414122615
15.2,233.26548894370612,8.05884198540403,2.3664940516415425,93.36866800580994,0.0,0.0,0.0,0.0,93.74568466559579,286.63377432186587,98553.91857723125,1.1978128924651008,339.39580858744887
15.25,231.16248794886283,-3.511275450953307,-2.8653483045527732,-30.368716997203478,0.0,0.0,0.0,0.0,30.705019919470924,286.64744382833237,98578.62405233973,1.198056024894879,339.4039013495454
15.3,237.07833550198842,-28.690407703831116,-24.85542864031113,3.5898213778796353,0.0,0.0,0.0,0.0,38.12897382084564,286.6089908192371,98509.13909370915,1.1973721774053556,339.38113551069216
15.35,236.90342710968488,-6.478445444633304,8.68055418878155,-31.58162280092049,0.0,0.0,0.0,0.0,33.38744038022507,286.610127723787,98511.1929220949,1.1973923918064608,339.3818086290989
15.4,232.1656930248735,-66.06241447221741,5.184106626559943,-44.294421320288706,0.0,0.0,0.0,0.0,79.70641961293852,286.6409229953383,98566.83805060772,1.1979400375076745,339.4000408428623
15.45,217.52999357723417,-49.298614139716946,-23.887877780419583,-40.9191443420427,0.0,0.0,0.0,0.0,68.37660736417016,286.73605504174793,98738.896481181,1.1996330224165077,339.4563571943045
15.5,210.4017900503518,-16.241895390970985,3.5703006660896017,37.24750947608123,0.0,0.0,0.0,0.0,40.79121443286881,286.78238836467267,98822.78422498995,1.2004582400819335,339.48378225198184
15.55,203.2389235055754,-20.389752996184217,-33.316633216719765,59.71619880624004,0.0,0.0,0.0,0.0,71.35660078793848,286.82894699721373,98907.13802063749,1.2012879079965115,339.5113384406628
15.6,196.1576609449674,2.934699413292864,-22.432057706169665,-22.151134950757687,0.0,0.0,0.0,0.0,31.66200330342327,286.8749752038577,98990.58810541916,1.2021085549360795,339.5385784931873
15.65,185.99093127554588,-49.1709266459064,-21.985680459153624,-6.151231344125693,0.0,0.0,0.0,0.0,54.212432333534636,286.94105894670895,99110.4989683429,1.2032875262454437,339.5776838352513
15.7,176.71556485838104,-77.57649607598431,-48.1063546787445,-10.995764299355853,0.0,0.0,0.0,0.0,91.94150823448223,287.0013488284205,99219.99927730676,1.2043639032674411,339.61335670682524
15.75,175.90875999264316,-64.77165881083145,-40.78501499251645,-26.342248453813795,0.0,0.0,0.0,0.0,80.94874481206615,287.0065930600478,99229.52863878997,1.2044575652387868,339.6164594848745
15.8,178.0500926171887,-142.32447025587496,-27.877969726075438,9.12258657127137,0.0,0.0,0.0,0.0,145.31571702817888,286.99267439798825,99204.23848356283,1.2042089901801216,339.608224370847
15.85,178.13786464352614,-36.94901293397014,-1.8137817994376164,-20.746650492983637,0.0,0.0,0.0,0.0,42.41394662005272,286.9921038798171,99203.20196561073,1.2041988020649217,339.60788681386964
15.9,176.18654698958431,15.815988401638997,-28.826678004651814,10.387597286668697,0.0,0.0,0.0,0.0,34.48224226025133,287.0047874445677,99226.2475477712,1.2044253163192147,339.6153911858949
15.95,180.3326563743383,-99.66005533251135,-60.432920516449364,-53.758041035220145,0.0,0.0,0.0,0.0,128.35182697169185,286.9778377335668,99177.28606878627,1.2039440636238625,339.59944589175717
16.0,182.24869161867608,-124.9681436702662,-71.5822976456102,-133.32322397402092,0.0,0.0,0.0,0.0,196.2553039269104,286.9653835044786,99154.6661848648,1.203721712752942,339.59207686420604
16.05,187.99160490725228,-55.67973589508585,-136.62162761852684,149.28662205577197,0.0,0.0,0.0,0.0,209.88615401522995,286.9280545681028,99086.89285680643,1.203055450904278,339.56998879359685
16.1,187.20820391431724,-160.20306237917967,72.8323605542203,2.482691020539752,0.0,0.0,0.0,0.0,175.9992548116916,286.9331466745569,99096.13572669539,1.203146320243597,339.573001951133
16.15,195.35248767046286,-119.21666881050308,-32.24860175995637,-106.62069830263124,0.0,0.0,0.0,0.0,163.15808206854527,286.88020883014195,99000.08038617019,1.202201893549763,339.54167567850806
16.2,185.3796958903867,59.241889982254285,-16.639873678366424,61.65631041424947,0.0,0.0,0.0,0.0,87.1090554339777,286.94503197671247,99117.71189264643,1.203358435524432,339.5800347495144
16.25,204.0846297862846,5.357627372482114,-19.144213017778394,-8.632107935564099,0.0,0.0,0.0,0.0,21.672986654904626,286.8234499063891,98897.17549102237,1.2011899278224047,339.50808504935577
16.3,130.61529444154806,1.1989964347922122,-69.67385076162205,-63.13035472170518,0.0,0.0,0.0,0.0,94.02831892409728,287.30100058612993,99765.69028780732,1.2097246275675306,339.7906018499453
