time,baro_altitude,accl_x,accl_y,accl_z,gps_altitude,gyro_roll,gyro_pitch,gyro_yaw,At,T,P,rho,a
0.0,-0.20226820561570671,-5.02509931017759,2.0854978655200713,4.4181145864471105,0.0,0.0,0.0,0.0,7.008613338115664,288.15,101325.0,1.2250122659906946,340.29228686527705
0.05,0.07933162320158528,-9.23787544287082,1.610897623547884,5.147280787150065,0.0,0.0,0.0,0.0,10.697094622060336,288.14948434444915,101324.04697169477,1.2250029361342265,340.2919823820476
0.1,-0.08258667669521977,-8.688997537123537,1.0266758488170469,4.179590110500951,0.0,0.0,0.0,0.0,9.69647951529216,288.15,101325.0,1.2250122659906946,340.29228686527705
0.15,0.14597700434289176,-8.71701739457761,1.5039396877217726,5.074731655940827,0.0,0.0,0.0,0.0,10.19809434264467,288.14905114947175,101323.24635162653,1.2249950982950149,340.29172658975745
0.2,0.12159196949923073,-8.667680119181027,1.1923701328154586,4.557168606367445,0.0,0.0,0.0,0.0,9.864999284791528,288.14920965219824,101323.53929178721,1.22499796609594,340.2918201822208
0.25,-0.09830779756958333,-7.154863602172649,3.093764526474353,6.447926701930194,0.0,0.0,0.0,0.0,10.116284439675985,288.15,101325.0,1.2250122659906946,340.29228686527705
0.3,-0.15450172769198706,-8.405782365293627,1.5430049037175124,4.922865958245719,0.0,0.0,0.0,0.0,9.862689823188811,288.15,101325.0,1.2250122659906946,340.29228686527705
0.35,-0.34266048861349685,-8.582136106631767,1.5956382754559788,4.918257938888373,0.0,0.0,0.0,0.0,10.019400321989899,288.15,101325.0,1.2250122659906946,340.29228686527705
0.4,-0.3371777716336731,-7.786379917257544,2.288034303992757,5.672875574609092,0.0,0.0,0.0,0.0,9.901733710674897,288.15,101325.0,1.2250122659906946,340.29228686527705
0.45,-0.4269886629657523,-8.105761603079356,1.9952503907827672,5.311316571286179,0.0,0.0,0.0,0.0,9.894163886266163,288.15,101325.0,1.2250122659906946,340.29228686527705
0.5,-0.32291455967709015,-7.881100434002661,2.159810394452948,5.542285393636033,0.0,0.0,0.0,0.0,9.873877271636267,288.15,101325.0,1.2250122659906946,340.29228686527705
0.55,0.3670381013793408,-8.374986307819377,1.7777764797824738,5.07532597363122,0.0,0.0,0.0,0.0,9.952879915222804,288.147614252341,101320.59075114368,1.2249691006489865,340.29087813161885
0.6,0.14930254659666944,-10.211490429165243,-0.020718037064794137,3.27005567443864,0.0,0.0,0.0,0.0,10.722323914894641,288.1490295334471,101323.20640156734,1.2249947071951661,340.2917138259561
0.65,0.20992618964123963,-8.608433388668663,1.4483181964978136,4.797755421185189,0.0,0.0,0.0,0.0,9.960984293078871,288.14863547976734,101322.47812614325,1.224987577578355,340.29148114558217
0.7,-0.3961564325562571,-8.239918250849788,1.8452239385580649,5.127015962371115,0.0,0.0,0.0,0.0,9.87863334892653,288.15,101325.0,1.2250122659906946,340.29228686527705
0.75,-0.21942843563219616,-7.3483898708450415,2.764531812129106,6.02818604205604,0.0,0.0,0.0,0.0,9.898509826830052,288.15,101325.0,1.2250122659906946,340.29228686527705
0.8,-0.44645845728616673,-8.335330862838171,1.8092248167032647,5.107793098419141,0.0,0.0,0.0,0.0,9.941860256844073,288.15,101325.0,1.2250122659906946,340.29228686527705
0.85,-0.2860501876835001,-7.892143543454215,2.2125890866246114,5.477164979594076,0.0,0.0,0.0,0.0,9.858033089335223,288.15,101325.0,1.2250122659906946,340.29228686527705
0.9,0.11807596985344465,-8.461454588092964,1.6645622942719926,4.961601087740869,0.0,0.0,0.0,0.0,9.94909376434572,288.1492325061959,101323.58152994214,1.2249983795953434,340.29183367701455
0.95,0.03354767429334624,-8.122397545734483,2.031124056002748,5.373835544156459,0.0,0.0,0.0,0.0,9.948714252478355,288.14978194011707,101324.59698349597,1.2250083205840632,340.292158105759
1.0,0.250082477462635,-7.731760538707452,2.369920360285147,5.656845567297057,0.0,0.0,0.0,0.0,9.868968807036335,288.14837446389646,101321.99572860653,1.2249828550333082,340.2913270211365
1.05,0.3023503581842586,-8.48031115237088,1.5075426079939869,4.775008956271656,0.0,0.0,0.0,0.0,9.848303025822153,288.14803472267175,101321.36783727462,1.2249767081358536,340.2911264109014
1.1,-0.14935788985953982,-8.71637920314166,1.4320454090606023,4.65273532814487,0.0,0.0,0.0,0.0,9.983685016081955,288.15,101325.0,1.2250122659906946,340.29228686527705
1.15,-0.5529714686077214,-8.44330137177635,1.6986264277276426,5.0342086197980285,0.0,0.0,0.0,0.0,9.975867191540992,288.15,101325.0,1.2250122659906946,340.29228686527705
1.2,-0.3211089381852251,-7.468164931524781,2.6957446943625083,6.024327832264425,0.0,0.0,0.0,0.0,9.9665968480839,288.15,101325.0,1.2250122659906946,340.29228686527705
1.25,-0.2774848492734346,-8.63299403463365,1.4824348111178862,4.814634516581385,0.0,0.0,0.0,0.0,9.995344141123466,288.15,101325.0,1.2250122659906946,340.29228686527705
1.3,-0.07261612977486703,-8.992072076612562,1.1225340868092524,4.442636723085744,0.0,0.0,0.0,0.0,10.092297263772707,288.15,101325.0,1.2250122659906946,340.29228686527705
1.35,-0.0811670276624929,-8.041780558823461,2.11575562776696,5.386766429701044,0.0,0.0,0.0,0.0,9.907770132620795,288.15,101325.0,1.2250122659906946,340.29228686527705
1.4,0.2550063483371555,-8.1242165867849,1.9861429624118998,5.315414682087456,0.0,0.0,0.0,0.0,9.909656515676016,288.1483424587358,101321.93657826744,1.2249822759667466,340.2913081227497
1.45,0.1058277744484736,-8.710724194342646,1.4754616436512002,4.7269553061062615,0.0,0.0,0.0,0.0,10.01987073358326,288.14931211946606,101323.7286691967,1.224999820046122,340.291880686933
1.5,0.5804433599473843,-8.022125046856905,2.111246863701181,5.4348888382441825,0.0,0.0,0.0,0.0,9.917150309991685,288.1462271181603,101318.02717348927,1.2249440037598092,340.2900590554697
1.55,-0.14479658029045625,-8.96997813267698,1.0506474466920057,4.434847449458386,0.0,0.0,0.0,0.0,10.061423341551194,288.15,101325.0,1.2250122659906946,340.29228686527705
1.6,-0.018016239280106185,-8.617614243119025,1.4603147100146106,4.82341944232258,0.0,0.0,0.0,0.0,9.983044095468497,288.15,101325.0,1.2250122659906946,340.29228686527705
1.65,0.28172260722389286,-8.260809073756686,1.7855222605651624,5.126463403632988,0.0,0.0,0.0,0.0,9.88482085446281,288.148168803053,101321.61563699746,1.2249791340333804,340.29120558263463
1.7,-0.24745857593093018,-9.024761455318933,1.0611694132405631,4.387494664939268,0.0,0.0,0.0,0.0,10.0907140125899,288.15,101325.0,1.2250122659906946,340.29228686527705
1.75,-0.1895669548334522,-9.276750506570844,0.8386355908839539,4.079578549183833,0.0,0.0,0.0,0.0,10.168793967547014,288.15,101325.0,1.2250122659906946,340.29228686527705
1.8,0.010201321066669065,-8.3307600794716,1.793592131668369,5.095222447015153,0.0,0.0,0.0,0.0,9.928737483742202,288.149933691413,101324.87744887096,1.2250110662534504,340.29224771153423
1.85,-0.20560683376962202,-8.476082797646654,1.6247614632361416,5.068168631585459,0.0,0.0,0.0,0.0,10.008504517817116,288.15,101325.0,1.2250122659906946,340.29228686527705
1.9,-0.31085195928924103,-7.854281463575549,2.2565957379664976,5.557530834892665,0.0,0.0,0.0,0.0,9.882717774704375,288.15,101325.0,1.2250122659906946,340.29228686527705
1.95,-0.6532337384351864,-9.711935720485199,0.3565496560428827,3.6659650549252634,0.0,0.0,0.0,0.0,10.386920760263546,288.15,101325.0,1.2250122659906946,340.29228686527705
2.0,-0.0944214768493191,-7.908105311560442,2.136469535268837,5.493165275344207,0.0,0.0,0.0,0.0,9.86293548777998,288.15,101325.0,1.2250122659906946,340.29228686527705
2.05,0.011240351105519589,-9.007060678586022,1.0828682164866286,4.398434430956861,0.0,0.0,0.0,0.0,10.081962660386827,288.1499269377178,101324.86496673903,1.225010944057265,340.2922437236274
2.1,-0.12108535679655005,-8.115152847383321,1.9508611991684954,5.3216789425376145,0.0,0.0,0.0,0.0,9.89857726758058,288.15,101325.0,1.2250122659906946,340.29228686527705
2.15,0.04257079929364574,-7.631036877504342,2.438290702255069,5.747091775236202,0.0,0.0,0.0,0.0,9.8593635315634,288.14972328980457,101324.48858668644,1.2250072594123935,340.29212347404365
2.2,-0.13342803607650122,-8.022454411568484,2.0933024302458882,5.418178749666346,0.0,0.0,0.0,0.0,9.904461157150546,288.15,101325.0,1.2250122659906946,340.29228686527705
2.25,-0.28717700188952877,-7.859549805676007,2.2310995343650433,5.577763793343955,0.0,0.0,0.0,0.0,9.892511168276961,288.15,101325.0,1.2250122659906946,340.29228686527705
2.3,-0.07095430751675268,-7.950041171007385,2.184280227154435,5.522689654500552,0.0,0.0,0.0,0.0,9.923423590242317,288.15,101325.0,1.2250122659906946,340.29228686527705
2.35,-0.08240030478710841,-8.243756938421598,1.9453613885480459,5.304222349668636,0.0,0.0,0.0,0.0,9.99393486703571,288.15,101325.0,1.2250122659906946,340.29228686527705
2.4,-0.05387419620101774,-8.032514837425227,2.068422808853074,5.410451054645254,0.0,0.0,0.0,0.0,9.903163542240025,288.15,101325.0,1.2250122659906946,340.29228686527705
2.45,-0.16637289244018028,-8.406447282956723,1.7127616440737294,5.004355576828182,0.0,0.0,0.0,0.0,9.93204324949665,288.15,101325.0,1.2250122659906946,340.29228686527705
2.5,-0.09767673408484942,-7.602132412549257,2.459955496283975,5.814580875130709,0.0,0.0,0.0,0.0,9.881960787974498,288.15,101325.0,1.2250122659906946,340.29228686527705
2.55,-0.20851555041059236,-8.821354844287745,1.311868369287399,4.653933901036357,0.0,0.0,0.0,0.0,10.05964217367552,288.15,101325.0,1.2250122659906946,340.29228686527705
2.6,-0.1392736027008466,-7.272139907274733,2.7864468010192587,6.213882455837272,0.0,0.0,0.0,0.0,9.962963403568763,288.15,101325.0,1.2250122659906946,340.29228686527705
2.65,0.3206138857271136,-8.301797462092463,1.732683411796835,5.11561672581499,0.0,0.0,0.0,0.0,9.9041187085252,288.14791600974274,101321.14843921125,1.2249745602825521,340.29105631332027
2.7,0.15464558440286064,-8.708358101375433,1.3092556432265785,4.722889258858247,0.0,0.0,0.0,0.0,9.992764087706183,288.1489948037014,101323.14221516658,1.2249940788282854,340.29169331878126
2.75,-0.055125098147642035,-8.910641036119966,1.248386277022432,4.551207203517678,0.0,0.0,0.0,0.0,10.083227607298877,288.15,101325.0,1.2250122659906946,340.29228686527705
2.8,-0.3244368318397936,-7.5088820825522,2.617667258871254,5.8726340662785494,0.0,0.0,0.0,0.0,9.885510754850015,288.15,101325.0,1.2250122659906946,340.29228686527705
2.85,0.12176253761095769,-8.454749871185756,1.5315802131502054,4.910651893400633,0.0,0.0,0.0,0.0,9.89661736917155,288.1492085435055,101323.53724273088,1.224997946036266,340.2918195275616
2.9,0.05001155811050684,-8.830566943284403,1.29786891236152,4.614595212084386,0.0,0.0,0.0,0.0,10.04777911903391,288.1496749248723,101324.39919926474,1.2250063843366643,340.29209491561573
2.95,0.03117087632128812,-8.169733109633674,1.922857672096643,5.249827312117063,0.0,0.0,0.0,0.0,9.89962663522397,288.1497973893039,101324.62553651481,1.2250086001093639,340.29216722816227
3.0,-0.25073156345923914,-8.611331222484553,1.5676981247776636,4.807492955771293,0.0,0.0,0.0,0.0,9.98622508025727,288.15,101325.0,1.2250122659906946,340.29228686527705
3.05,-0.06931908584376306,-9.246597575372686,0.846742168080551,4.151012438377726,0.0,0.0,0.0,0.0,10.170911625004928,288.15,101325.0,1.2250122659906946,340.29228686527705
3.1,-0.13376804852727228,-7.864824125252862,2.198993892695796,5.463337479010762,0.0,0.0,0.0,0.0,9.825430732076661,288.15,101325.0,1.2250122659906946,340.29228686527705
3.15,-0.25737751325795094,-8.454510082909437,1.614901943161894,4.992906854906207,0.0,0.0,0.0,0.0,9.950666705794882,288.15,101325.0,1.2250122659906946,340.29228686527705
3.2,-0.31972056698026763,-8.444981499780909,1.6360892887024638,4.957602702322291,0.0,0.0,0.0,0.0,9.928359645294988,288.15,101325.0,1.2250122659906946,340.29228686527705
3.25,-0.3779104663666798,-8.235580964478022,1.8396535596955355,5.2021038250636735,0.0,0.0,0.0,0.0,9.913173217941635,288.15,101325.0,1.2250122659906946,340.29228686527705
3.3,-0.0004144122148510565,-8.466248399601222,1.5376247654138249,4.910777782120646,0.0,0.0,0.0,0.0,9.90744115845933,288.15,101325.0,1.2250122659906946,340.29228686527705
3.35,0.19852708093536786,-8.508528916671986,1.6085771014417298,4.9394270228569415,0.0,0.0,0.0,0.0,9.96897807858235,288.1487095739739,101322.61506398955,1.2249889181630855,340.29152489665813
3.4,-0.3353574946523403,-8.165676368099321,2.0087921828250854,5.321029029228791,0.0,0.0,0.0,0.0,9.951224372518709,288.15,101325.0,1.2250122659906946,340.29228686527705
3.45,-0.1719809384535445,-6.997918862333688,3.0725774250216187,6.376392232052837,0.0,0.0,0.0,0.0,9.953390293439812,288.15,101325.0,1.2250122659906946,340.29228686527705
3.5,-0.4289521315300369,-8.989441430025053,1.088991096817248,4.418346972524528,0.0,0.0,0.0,0.0,10.07560165957422,288.15,101325.0,1.2250122659906946,340.29228686527705
3.55,-0.08405263208243469,-8.253989197515258,1.8521858830780147,5.116949504892718,0.0,0.0,0.0,0.0,9.88646056249626,288.15,101325.0,1.2250122659906946,340.29228686527705
3.6,-0.3228390333597465,-6.744857040712884,3.2899726621544856,6.649760467339816,0.0,0.0,0.0,0.0,10.026780684266186,288.15,101325.0,1.2250122659906946,340.29228686527705
3.65,-0.35333843777991203,-8.104873208458656,1.9578037214487327,5.352377785367265,0.0,0.0,0.0,0.0,9.908073127213102,288.15,101325.0,1.2250122659906946,340.29228686527705
3.7,0.027085818522389116,-8.023209707660332,2.1271324866970303,5.460645527840952,0.0,0.0,0.0,0.0,9.935554147091459,288.1498239421796,101324.67461126571,1.2250090805360951,340.29218290704785
3.75,-0.04134329501435466,-8.282211265689511,1.8187364289459496,5.067144486243547,0.0,0.0,0.0,0.0,9.878197147858394,288.15,101325.0,1.2250122659906946,340.29228686527705
3.8,-0.08236122902711385,-8.336450446872732,1.8413113135196495,5.110556807173728,0.0,0.0,0.0,0.0,9.950106747458026,288.15,101325.0,1.2250122659906946,340.29228686527705
3.85,0.04276796801917075,-8.391861636725478,1.7238668509275497,4.995981461881745,0.0,0.0,0.0,0.0,9.917403360615003,288.14972200820785,101324.48621805567,1.2250072362242193,340.29212271728903
3.9,-0.19712680890686146,-7.938050658522056,2.1863246590990553,5.461286831356964,0.0,0.0,0.0,0.0,9.880198258466276,288.15,101325.0,1.2250122659906946,340.29228686527705
3.95,-0.22361588385182332,-7.707963042683243,2.355187930057732,5.6425832212166664,0.0,0.0,0.0,0.0,9.838615241059902,288.15,101325.0,1.2250122659906946,340.29228686527705
4.0,-0.10919749299341291,-7.941157182340909,2.13537266005166,5.454810234822912,0.0,0.0,0.0,0.0,9.867965772633664,288.15,101325.0,1.2250122659906946,340.29228686527705
4.05,-0.14690797977623335,-7.928159684514064,2.1269987250898774,5.509891124375654,0.0,0.0,0.0,0.0,9.886290495537834,288.15,101325.0,1.2250122659906946,340.29228686527705
4.1,-0.36652524253808266,-7.662595492900161,2.3882271775852555,5.748457635096505,0.0,0.0,0.0,0.0,9.872373773417921,288.15,101325.0,1.2250122659906946,340.29228686527705
4.15,-0.06525680310029436,-8.855505779831871,1.1976168583280176,4.560321582753596,0.0,0.0,0.0,0.0,10.032487313429078,288.15,101325.0,1.2250122659906946,340.29228686527705
4.2,-0.29013436594080794,-7.692951033807939,2.416708379482227,5.673587994316047,0.0,0.0,0.0,0.0,9.859593081323055,288.15,101325.0,1.2250122659906946,340.29228686527705
4.25,-0.4503280871828429,-8.039566933581208,2.100666953778685,5.412496721602349,0.0,0.0,0.0,0.0,9.916781680141312,288.15,101325.0,1.2250122659906946,340.29228686527705
4.3,-0.3301475293923486,-8.288463832903394,1.8151706968041106,5.095263033306121,0.0,0.0,0.0,0.0,9.897231064619024,288.15,101325.0,1.2250122659906946,340.29228686527705
4.35,-0.43182909885363197,-7.967018084981363,1.954599485965721,5.383616858290938,0.0,0.0,0.0,0.0,9.812092885507758,288.15,101325.0,1.2250122659906946,340.29228686527705
4.4,-0.21516008380383939,-8.824785899387312,1.680604026118654,4.523066343200218,0.0,0.0,0.0,0.0,10.057803199885248,288.15,101325.0,1.2250122659906946,340.29228686527705
4.45,0.2685981536306359,-7.359247078478774,1.917287329177487,5.964847262957793,0.0,0.0,0.0,0.0,9.66508722853229,288.1482541120014,101321.77330039167,1.2249806775181271,340.2912559558209
4.5,0.019868857363699796,-8.500453142035019,2.9948841124464374,4.757413986274948,0.0,0.0,0.0,0.0,10.191173745144452,288.1498708524271,101324.7613103483,1.2250099292933634,340.2922106065093
4.55,-0.14933893243950136,-7.115022415236506,0.832018722016888,6.729731921932967,0.0,0.0,0.0,0.0,9.828788880843263,288.15,101325.0,1.2250122659906946,340.29228686527705
4.6,-0.3206443454258441,-10.823856129509164,2.7337301917962917,1.8894477273161454,0.0,0.0,0.0,0.0,11.322506568252095,288.15,101325.0,1.2250122659906946,340.29228686527705
4.65,-0.6733650432441712,-4.326225356914204,0.5122656679116518,10.171563602326616,0.0,0.0,0.0,0.0,11.065231496426273,288.15,101325.0,1.2250122659906946,340.29228686527705
4.7,-0.12702769563784247,-14.904423375375695,3.790236800757324,-3.072717218592251,0.0,0.0,0.0,0.0,15.68277151091904,288.15,101325.0,1.2250122659906946,340.29228686527705
4.75,0.03289692407056734,3.387676712081745,-2.5998712116567204,18.4901913767686,0.0,0.0,0.0,0.0,18.976903355719294,288.14978616999355,101324.60480110697,1.22500839711608,340.2921606034075
4.8,-0.2706832808199795,-51.7666090411528,16.774552586308094,-28.992614848208248,0.0,0.0,0.0,0.0,61.65824471899053,288.15,101325.0,1.2250122659906946,340.29228686527705
4.85,0.0005013232263611778,-38.689323861400474,16.233996359669234,22.945061960780247,0.0,0.0,0.0,0.0,47.821358063548665,288.149996741399,101324.99397747056,1.2250122070320204,340.29228494114585
4.9,0.5942405428453723,8.700754070432055,-7.718544342007888,161.82101242374728,0.0,0.0,0.0,0.0,162.23846371930503,288.14613743647146,101317.86143359954,1.2249423811967877,340.29000610008336
4.95,2.7878787133523546,-1.966331826692386,-1.157234991152104,134.82833163071342,0.0,0.0,0.0,0.0,134.8476349959429,288.13187878836317,101291.51295159769,1.2246844279843352,340.28158652604094
5.0,4.928154455167295,-0.06871578792675617,-3.7028937653928455,146.55851695566125,0.0,0.0,0.0,0.0,146.60530357507582,288.1179669960414,101265.81077049457,1.224432789795338,340.273371565715
5.05,8.649862839464213,-1.6623783298707537,-0.44197447854986693,135.32548615246273,0.0,0.0,0.0,0.0,135.33641803133293,288.0937758915435,101221.13002890216,1.2239953123562097,340.2590861645499
5.1,14.877944106046009,0.9520735688539743,-1.591633544286277,136.9679034542925,0.0,0.0,0.0,0.0,136.98045962137883,288.0532933633107,101146.39489119282,1.223263484605586,340.2351789628957
5.15,22.129542873302157,0.6631836958852237,-0.7682851326077129,128.610754447525,0.0,0.0,0.0,0.0,128.61475900619277,288.0061579713235,101059.43415063202,1.2224118107531805,340.20734075551013
5.2,31.092906205047573,1.8113557990343505,-0.7893710770578944,129.79181360064533,0.0,0.0,0.0,0.0,129.8068526475881,287.94789610966717,100952.02970395346,1.2213597233719453,340.17292809627276
5.25,40.08077772871933,0.4192815592734602,-0.1276886156798377,123.66156514996058,0.0,0.0,0.0,0.0,123.66234186989371,287.8894749447633,100844.42441336084,1.220305455025768,340.13841784786973
5.3,48.144477480919974,1.7099385633141966,1.081792179860013,117.3807708403773,0.0,0.0,0.0,0.0,117.39820921671627,287.837060896374,100747.96262230916,1.2193601837424692,340.107453112139
5.35,57.67136961199789,3.0506042569228913,0.7670062645233018,113.52577532424797,0.0,0.0,0.0,0.0,113.56934510647582,287.77513609752197,100634.09372605637,1.2182441109741506,340.07086606104787
5.4,68.06856134590078,0.7908943427204136,0.6901685570842782,107.2143371562241,0.0,0.0,0.0,0.0,107.2194755552695,287.70755435125164,100509.94164105199,1.2170269748854092,340.0309322210812
5.45,76.63761034350769,2.2738565288257413,0.8200529000218771,100.9696505982868,0.0,0.0,0.0,0.0,100.99858044652231,287.6518555327672,100407.71252796953,1.2160245478702154,339.9980164397333
5.5,86.28938409361758,1.7072495911703196,0.604892589167171,94.58496079076357,0.0,0.0,0.0,0.0,94.60230126165676,287.5891190033915,100292.66730437259,1.2148962177864073,339.96093783535326
5.55,95.78642814475499,1.5823608451502231,1.191807133474728,87.61136148150854,0.0,0.0,0.0,0.0,87.63375451691674,287.52738821705907,100179.57060311362,1.2137867581839183,339.9244496984433
5.6,105.57740904940054,1.9995858879468202,0.5578700169602941,81.53296623780952,0.0,0.0,0.0,0.0,81.5593903006569,287.4637468411789,100063.08165579013,1.2126437720548926,339.88682813999213
5.65,114.59366263773752,4.1041784396489716,-0.8244489973401067,74.70082602519932,0.0,0.0,0.0,0.0,74.81802861383605,287.40514119285467,99955.90711670963,1.21159195500034,339.8521797652216
5.7,123.7548355540625,3.7867341409686897,0.7204900239697977,67.18033322817755,0.0,0.0,0.0,0.0,67.29082875086317,287.34559356889855,99847.105171527,1.2105239469810842,339.816970864513
5.75,133.22602302701983,6.17574790013873,0.9299008557125421,59.6782770572278,0.0,0.0,0.0,0.0,60.004177606619734,287.28403085032437,99734.72220387193,1.2094205548740868,339.7805666570998
5.8,142.67071602508486,8.846953232365003,1.9919114743246917,49.511856299062664,0.0,0.0,0.0,0.0,50.335476624307745,287.2226403458369,99622.75563225086,1.2083210157351887,339.7442604015283
5.85,151.145597780603,8.415887595354832,3.5047321494256027,33.695400962759955,0.0,0.0,0.0,0.0,34.906881234192625,287.1675536144261,99522.37280889427,1.2073350319358116,339.71167888524144
5.9,157.82373424722593,8.303673606825994,2.803398201683807,15.423411822986926,0.0,0.0,0.0,0.0,17.739550983814542,287.124145727393,99443.32968927061,1.2065585185895056,339.68600271937527
5.95,162.61411311718464,6.404968608696469,4.451403392913943,-0.42246357400164514,0.0,0.0,0.0,0.0,7.811343707467441,287.0930082647383,99386.6615820213,1.2060017433191539,339.6675834273126
6.0,164.11767703674013,6.832143291987523,0.44213262675969467,-10.633623025090486,0.0,0.0,0.0,0.0,12.647039252790751,287.0832350992612,99368.88046473809,1.205827027905448,339.66180192853614
6.05,163.67970723941067,6.544402976054974,1.5243954707496667,-16.337568669996866,0.0,0.0,0.0,0.0,17.66547881918581,287.0860819029438,99374.05962102185,1.2058779183716886,339.6634860186417
6.1,162.96386993055506,5.096139383877958,0.24873791702301676,-20.601834544647936,0.0,0.0,0.0,0.0,21.224233644028846,287.0907348454514,99382.52513490446,1.20596109954979,339.6662385524083
6.15,162.53177263461163,4.504126883833763,-1.108456242293527,-23.49908193552806,0.0,0.0,0.0,0.0,23.952508971700954,287.093543477875,99387.63541335012,1.2060113119129745,339.66790003980896
6.2,162.99829943981885,4.534654535816797,-1.8792872515055572,-24.163693721011295,0.0,0.0,0.0,0.0,24.65722828250807,287.09051105364114,99382.11795710883,1.2059570986978696,339.6661061647552
6.25,164.04986460131175,5.2663461563222524,-0.22741344629760524,-25.73465566314508,0.0,0.0,0.0,0.0,26.268966877561294,287.08367588009145,99369.68235779017,1.2058349073514558,339.66206268279706
6.3,165.78632362529436,4.163879565318696,0.5404245585156724,-24.230566646622297,0.0,0.0,0.0,0.0,24.59167159333278,287.07238889643554,99349.15009885053,1.2056331524148916,339.65538553924114
6.35,167.42303668012102,3.6364412291651895,0.9457479250184648,-22.720801162232576,0.0,0.0,0.0,0.0,23.029393161882453,287.06175026157916,99329.800402458,1.2054430103625313,339.64909182510826
6.4,169.581845359972,4.781979468847537,-1.0954050148479573,-23.67104029666462,0.0,0.0,0.0,0.0,24.17406437720711,287.04771800516016,99304.283007308,1.2051922499224572,339.6407902987121
6.45,172.26784610319876,2.955245601833851,-0.2801312941238866,-23.160752442459835,0.0,0.0,0.0,0.0,23.350212072056543,287.0302590003292,99272.54154545629,1.2048803082248658,339.63046121404113
6.5,174.74596867913465,3.298262080901513,0.8644383599272689,-21.642740461858782,0.0,0.0,0.0,0.0,21.909678252585223,287.0141512035856,99243.26394340496,1.2045925634773538,339.6209312515719
6.55,176.95948256338053,4.036407633633836,-1.5306172464863717,-22.594960440266608,0.0,0.0,0.0,0.0,23.003643473095995,286.999763363338,99217.11845397363,1.2043355879597002,339.6124186522405
6.6,179.81936426789187,3.1525512865442145,0.08964637438529716,-20.126618930311416,0.0,0.0,0.0,0.0,20.372221421649183,286.9811741322587,99183.3464830986,1.204003635164222,339.6014199742557
6.65,182.18048331906954,2.872267380344625,0.23599259913888526,-20.407513563475426,0.0,0.0,0.0,0.0,20.61000296590162,286.965826858426,99155.47135085214,1.2037296276081133,339.59233919450486
6.7,183.29889277571735,3.7603422291009556,0.8279789184372663,-17.473285878436762,0.0,0.0,0.0,0.0,17.89249681176202,286.9585571969578,99142.26973642211,1.2035998529893839,339.58803774682855
6.75,184.16986780477094,2.3539318902540516,-0.8655660856773482,-18.64813132661091,0.0,0.0,0.0,0.0,18.816030451908738,286.95289585926895,99131.98980368764,1.2034987968331967,339.58468790415805
6.8,185.13402373425006,2.572763518366906,-0.42649106874286347,-18.42298010238199,0.0,0.0,0.0,0.0,18.60664404469328,286.94662884572733,99120.61108321206,1.2033869367964218,339.58097964142877
6.85,186.7747836154828,2.935944971917912,-0.2357027867952552,-17.025328042685032,0.0,0.0,0.0,0.0,17.27822686628667,286.93596390649935,99101.24968807328,1.2031965963907865,339.5746689832811
6.9,188.61029112262787,3.613169585214148,-0.7055135480855844,-16.540253098615043,0.0,0.0,0.0,0.0,16.94499089360314,286.9240331077029,99079.59384933981,1.202983691101577,339.56760915168655
6.95,190.8127935287864,3.069926988574263,1.2178006482107544,-15.266990676374395,0.0,0.0,0.0,0.0,15.620131063677471,286.9097168420629,99053.61315849914,1.2027282551625305,339.55913757005544
7.0,192.9394195069421,3.121599465246247,0.6670072924444821,-15.108706427774305,0.0,0.0,0.0,0.0,15.442224317444309,286.8958937732049,99028.53274001468,1.2024816583935056,339.5509576346941
7.05,194.42431375902422,1.9996673925435078,0.5807644716531423,-14.706805595906573,0.0,0.0,0.0,0.0,14.853487398187848,286.88624196056634,99011.02365015681,1.2023094977240565,339.545245963911
7.1,195.84857936273934,3.2732654608531493,0.6425741860330237,-13.60428432508943,0.0,0.0,0.0,0.0,14.007273837533274,286.8769842341422,98994.23181674296,1.2021443841413038,339.53976741197005
7.15,197.60964540786108,1.8172595833968515,0.5376223863609108,-13.538905624252257,0.0,0.0,0.0,0.0,13.670897400177264,286.8655373048489,98973.47235564748,1.201940249630983,339.5329932078761
7.2,199.19467349936,2.529965070637928,1.0633721324304877,-12.669523348423281,0.0,0.0,0.0,0.0,12.96334468518524,286.85523462225416,98954.79104566111,1.2017565432901571,339.526896044548
7.25,200.86299803336405,2.9203395336315072,0.20137315639224262,-11.7431558212503,0.0,0.0,0.0,0.0,12.102505640650255,286.8443905127831,98935.13107927446,1.2015632060126662,339.5204783446385
7.3,202.6523010400871,2.087455542279522,0.9561067866903816,-12.459638819002807,0.0,0.0,0.0,0.0,12.66942028383898,286.83276004323943,98914.04898665754,1.201355875339205,339.51359513070554
7.35,203.48553701737717,2.666431492119993,0.8192160378976379,-12.24134695030702,0.0,0.0,0.0,0.0,12.555140261132447,286.82734400938705,98904.23279756922,1.2012593357020467,339.5103897335873
7.4,204.08366897747376,1.5445399071002595,-0.3837889851839258,-11.343612487779113,0.0,0.0,0.0,0.0,11.45471264513746,286.8234561516464,98897.18680901367,1.2011900391344326,339.50808874555867
7.45,205.0864586321633,1.2437933548545201,-0.4072402778412227,-11.41885353933989,0.0,0.0,0.0,0.0,11.493610516559693,286.81693801889094,98885.37486878157,1.201073867818411,339.50423102172334
7.5,206.29638069216745,3.0948822511494756,0.26977365618884713,-10.166572583696935,0.0,0.0,0.0,0.0,10.630628959456336,286.8090735255009,98871.12461993945,1.2009337120407078,339.49957640281826
7.55,207.21659189699693,1.83557658864108,-0.33647498276379073,-10.408451987493702,0.0,0.0,0.0,0.0,10.57442336975188,286.8030921526695,98860.28764783024,1.2008271243640112,339.49603627051863
7.6,209.14024302959623,1.7843163328317386,0.8985485733703211,-9.2612496676526,0.0,0.0,0.0,0.0,9.474276738670415,286.7905884203076,98837.63665791736,1.2006043320406423,339.48863569855916
7.65,210.7202132664955,2.503277211591513,1.1073198015659411,-8.991972965969165,0.0,0.0,0.0,0.0,9.399368689530894,286.78031861376775,98819.03565359098,1.20042136760815,339.48255719744253
7.7,211.6329082397616,1.4614846308457203,1.0993095790907366,-9.234081287362157,0.0,0.0,0.0,0.0,9.413430623236719,286.7743860964415,98808.29177891735,1.2003156850101195,339.4790458048581
7.75,213.15745766232615,1.1857943206167478,0.614291080993496,-9.033729264861503,0.0,0.0,0.0,0.0,9.13190703707666,286.7644765251949,98790.34751161872,1.2001391705563778,339.4731803562397
7.8,215.42495627283384,1.2504199225091843,0.5954932340652129,-8.84272110818607,0.0,0.0,0.0,0.0,8.950523938383988,286.74973778422657,98763.66345724688,1.199876673145315,339.4644563475639
7.85,217.30073631891108,0.5742603057314928,-0.1147665861422833,-8.270509983185246,0.0,0.0,0.0,0.0,8.291217139238388,286.73754521392704,98741.59358078334,1.1996595563080108,339.45723927340373
7.9,218.8059490947556,1.2925954802426722,0.4169628316250925,-7.696155267469443,0.0,0.0,0.0,0.0,7.8150794608563166,286.72776133088405,98723.88657799941,1.1994853534401846,339.45144784791
7.95,220.41247624122337,1.07957685231157,0.8259337948693675,-7.70443682650698,0.0,0.0,0.0,0.0,7.823426335512543,286.71731890443203,98704.99057122477,1.1992994465018154,339.44526649833267
8.0,221.86208264856765,1.3186075088042646,-0.20119616185311362,-7.805361949670694,0.0,0.0,0.0,0.0,7.918515064277298,286.7078964627843,98687.94278315363,1.1991317173134874,339.4396888277785
8.05,223.39114261091242,0.43687163085366176,-0.018732726529018695,-7.6962196515223,0.0,0.0,0.0,0.0,7.708631828111003,286.69795757302904,98669.96318231018,1.1989548142648352,339.4338053433588
8.1,225.39597760245866,0.7375212464040211,0.4092271425530361,-7.0084734428967685,0.0,0.0,0.0,0.0,7.059044159295842,286.684926145584,98646.39315320959,1.1987228971561643,339.4260910273779
8.15,227.29760036617338,0.6769175453879047,0.35248320025875324,-7.133544763818526,0.0,0.0,0.0,0.0,7.17425415406517,286.67256559761984,98624.04076155754,1.1985029512410077,339.4187736951442
8.2,228.84893566088337,1.0514250888911054,-0.2973701641066493,-7.115240357323752,0.0,0.0,0.0,0.0,7.198650503708255,286.6624819182042,98605.8088187703,1.1983235432212855,339.4128041315895
8.25,230.45367717045363,0.9694117063243809,0.4250170049071671,-6.850548771702497,0.0,0.0,0.0,0.0,6.931840807772031,286.652051098392,98586.95209555443,1.198137980527109,339.40662894956955
8.3,231.69528981237428,-0.6965102943298239,-0.5576287476315869,-7.203406696636467,0.0,0.0,0.0,0.0,7.258453309585982,286.64398061621955,98572.36436887475,1.1979944229645476,339.4018510412696
8.35,233.5453619268682,0.7242556792978456,0.38829235392223,-6.737227377692708,0.0,0.0,0.0,0.0,6.78716067143263,286.6319551474753,98550.63108473366,1.1977805385989462,339.39473156652843
8.4,235.42938529319875,0.8712208436354602,-0.5413036710687338,-7.548657336370195,0.0,0.0,0.0,0.0,7.618022250205951,286.6197089955942,98528.50295400238,1.1975627591983211,339.3874812865958
8.45,237.20843651843484,1.1990944405452375,0.2964516606382034,-5.0504468477976046,0.0,0.0,0.0,0.0,5.199300378596182,286.60814516263014,98507.61142986227,1.197357141623021,339.38063482836816
8.5,238.19815044419917,0.45225632689766687,0.5046552400537953,-5.776695212335586,0.0,0.0,0.0,0.0,5.8163064115255825,286.6017120221127,98495.99070223859,1.1972427650537334,339.37682597715246
8.55,238.96201400626595,1.6946666147171958,0.9151411575518743,-4.6804632520299165,0.0,0.0,0.0,0.0,5.061236462257507,286.59674690895923,98487.02255602353,1.1971544946607307,339.37388626749623
8.6,240.28825865626763,0.4357977477625845,-0.5009400185461559,-5.8020876415530465,0.0,0.0,0.0,0.0,5.839955614505864,286.5881263187342,98471.45334077519,1.1970012485729224,339.3687821879168
8.65,240.73742535165542,1.6590263282691158,0.8593711057240925,-4.2830024822494,0.0,0.0,0.0,0.0,4.672793310023254,286.58520673521423,98466.18087934902,1.1969493512652045,339.3670535433287
8.7,242.624532234926,1.179286132613907,0.7709863091591762,-4.452506043109162,0.0,0.0,0.0,0.0,4.670111961763868,286.572940540473,98444.03191660171,1.1967313312747239,339.3597908046855
8.75,243.91205023923843,0.8082661411517675,0.498972689326321,-4.491359820987532,0.0,0.0,0.0,0.0,4.5907059305957585,286.5645716734449,98428.9226404409,1.196582600027856,339.35483556066697
8.8,244.98605228518062,0.45928053767940125,-0.02353823702091007,-4.727439401157952,0.0,0.0,0.0,0.0,4.749755357122489,286.5575906601463,98416.32045244602,1.196458544493085,339.35070201576565
8.85,245.91159678204954,1.024976740786379,0.8108965889339781,-4.007126048687641,0.0,0.0,0.0,0.0,4.214877194790954,286.55157462091665,98405.46129244898,1.1963516448458327,339.34713980363495
8.9,246.82555941982278,0.5585822021241345,0.6523211301786754,-3.97605236840179,0.0,0.0,0.0,0.0,4.067742539748665,286.5456338637711,98394.7389713364,1.1962460900645284,339.34362213077424
8.95,247.9550928661293,0.7027968105687376,0.5713833301045128,-4.0063436253186335,0.0,0.0,0.0,0.0,4.107455600611912,286.53829189637014,98381.48894861928,1.1961156485629438,339.3392747154303
9.0,248.93824737442037,0.4914910243349408,0.3194503201906173,-3.93404280135178,0.0,0.0,0.0,0.0,3.9774746632680715,286.53190139206623,98369.9572041134,1.1960021201451467,339.3354906466897
9.05,249.9697046608976,0.7907531142636429,0.5694857858990402,-3.30626755800353,0.0,0.0,0.0,0.0,3.4468840585614893,286.5251969197041,98357.86007686246,1.1958830228915684,339.33152061976426
9.1,251.41448388537546,1.6600788493881744,1.51975834784725,-2.4395416605918903,0.0,0.0,0.0,0.0,3.319170187833219,286.51580585474505,98340.91745671823,1.1957162166604831,339.3259596595085
9.15,252.07196656207142,0.6691934626079674,0.7243492797404003,-3.173306346174925,0.0,0.0,0.0,0.0,3.323006911839295,286.5115322173465,98333.20807899228,1.1956403132348157,339.32342897622766
9.2,253.57451859381146,0.6966890192236386,0.6594734906643349,-3.0251948002908873,0.0,0.0,0.0,0.0,3.1736547471492265,286.5017656291402,98315.59159463627,1.1954668641807538,339.31764550842706
9.25,254.2129223893254,0.22714873093161003,0.1903340437140264,-3.4050396088008377,0.0,0.0,0.0,0.0,3.4179113990363965,286.49761600446936,98308.10748237155,1.1953931750329272,339.3151882007584
9.3,255.9046402567768,0.10779902691057797,-0.031529638422595097,-3.3440174077753912,0.0,0.0,0.0,0.0,3.3459030427982777,286.4866198383309,98288.27742762871,1.1951979216202455,339.30867645026416
9.35,256.2617965358115,-0.10753249952391952,-0.29027484774306356,-3.387997675645778,0.0,0.0,0.0,0.0,3.402109783041593,286.4842983225172,98284.0913111765,1.1951567027465706,339.30730167043265
9.4,257.2565004221993,0.19503600667259835,0.006199156371972318,-2.737363515053613,0.0,0.0,0.0,0.0,2.7443098380075797,286.47783274725566,98272.43346059581,1.1950419111861206,339.3034727882101
9.45,258.08207237350035,1.0633741216703143,0.974442732558231,-1.8612608322638822,0.0,0.0,0.0,0.0,2.354696381148386,286.4724665295722,98262.75867319203,1.1949466443211239,339.3002949073861
9.5,259.2271601100295,-0.392747037973718,-0.4075918298617099,-3.194591911191664,0.0,0.0,0.0,0.0,3.244348750467242,286.4650234592848,98249.340792013,1.1948145165543693,339.2958870625796
9.55,260.23321079447487,0.33180871867422435,0.5057678372160477,-2.3125904806285953,0.0,0.0,0.0,0.0,2.3903917800319734,286.4584841298359,98237.55334019831,1.1946984410225179,339.29201437295444
9.6,261.8220569939836,0.3427221869442263,0.35373296951630745,-2.1669674155075693,0.0,0.0,0.0,0.0,2.222236101546866,286.4481566295391,98218.93986290642,1.1945151416191646,339.28589818133156
9.65,262.72885792768085,0.6200594157985372,0.8372301609013717,-1.80360056304741,0.0,0.0,0.0,0.0,2.0828833410607266,286.44226242347,98208.31788785479,1.1944105369399984,339.2824074427083
9.7,263.33908323096455,0.3205885081831914,0.23623948826587599,-2.110084953650381,0.0,0.0,0.0,0.0,2.147334300712625,286.4382959589987,98201.1704281388,1.194340147902567,339.28005835451455
9.75,263.6954953326312,0.3540303824202826,0.7259702896357316,-1.5658378216237474,0.0,0.0,0.0,0.0,1.761879240112058,286.43597928033785,98196.99603186414,1.1942990374983133,339.27868632348446
9.8,264.0195841042305,0.6886110264514214,0.8250072476354409,-1.4457520478044203,0.0,0.0,0.0,0.0,1.8013942067554676,286.4338727033225,98193.20034002727,1.194261656372898,339.2774387183507
9.85,264.8152675421527,-0.42180277492109675,-0.5658043151699761,-2.6596465097873154,0.0,0.0,0.0,0.0,2.75168524017918,286.42870076097597,98183.88188752746,1.1941698842580148,339.27437565311857
9.9,265.9288809565778,0.8709805295006725,0.7403923364266254,-1.548341975745987,0.0,0.0,0.0,0.0,1.9246170446261603,286.4214622737822,98170.84127806823,1.1940414519634366,339.2700886373051
9.95,266.5706210546557,0.7964995084843133,1.1743716631932322,-1.115844775250233,0.0,0.0,0.0,0.0,1.8051786152013418,286.4172909631447,98163.32702535717,1.1939674453042264,339.2676181414297
10.0,267.09361218273864,-0.05399923631931658,0.010509125699497524,-1.9080230357105246,0.0,0.0,0.0,0.0,1.9088159324691427,286.4138915208122,98157.20357059261,1.1939071355919058,339.26560477812774
10.05,267.89267042098817,0.3336854109448153,0.30639737182195637,-1.566477466994328,0.0,0.0,0.0,0.0,1.6306676416541106,286.4086976422636,98147.84837443987,1.1938149951786186,339.2625286138987
10.1,268.6457345431611,0.9325618758093275,0.8818119929340252,-0.9374105785157448,0.0,0.0,0.0,0.0,1.589340314661562,286.4038027254694,98139.03232802723,1.1937281633844112,339.2596294893992
10.15,269.0092648186993,1.3476760884905237,1.2318799475739164,-0.4624439602130037,0.0,0.0,0.0,0.0,1.8835109399898158,286.4014397786784,98134.77674491589,1.1936862483828594,339.25822997218137
10.2,270.00564621815136,-0.22930291290181923,-0.24421081336109626,-1.874230261321875,0.0,0.0,0.0,0.0,1.903932199339675,286.394963299582,98123.11360248248,1.1935713714871505,339.25439407795886
10.25,270.6259843067492,0.024674631763071816,-0.002652965169937918,-1.5210018350990788,0.0,0.0,0.0,0.0,1.5212042788697386,286.3909311020061,98115.85280196536,1.1934998544383388,339.2520058628441
10.3,270.9303240537261,0.012044370270241356,0.03550693031134595,-1.380334710550928,0.0,0.0,0.0,0.0,1.380843844215216,286.38895289365075,98112.29079029828,1.193464769156102,339.25083419112093
10.35,271.73489456524965,0.17252440402716226,0.0967837524659474,-1.279719000326257,0.0,0.0,0.0,0.0,1.2949179450924109,286.38372318532583,98102.87455041338,1.1933720194342308,339.24773667113374
10.4,272.15378873783897,-0.14511614670486142,0.04150561603545323,-1.3378762698280493,0.0,0.0,0.0,0.0,1.346363370552677,286.381000373204,98097.97233875276,1.193323732104402,339.2461239571935
10.45,273.06738856115174,-0.588522831199336,-0.3256850921831704,-1.6677207477783882,0.0,0.0,0.0,0.0,1.7982553752689712,286.3750619743525,98087.281401103,1.1932184235876153,339.2426066337084
10.5,273.8022505810498,-0.5638258704796896,-0.4356219224314809,-1.6551962163630072,0.0,0.0,0.0,0.0,1.8020378980996747,286.37028537122313,98078.68273641719,1.1931337229192016,339.23977741729146
10.55,273.9589500332508,0.2684523854036307,0.48866338766140593,-0.7470372338007691,0.0,0.0,0.0,0.0,0.9321605110464216,286.36926682478384,98076.84926565982,1.1931156622347017,339.23917412185153
10.6,274.767805961912,0.7193894015647495,1.1441164112938487,-0.28094818522424736,0.0,0.0,0.0,0.0,1.3803823225673393,286.36400926124753,98067.38564271857,1.1930224393783069,339.2360599963063
10.65,275.5541981870453,0.7218158506692396,1.1045471042675934,-0.21167623858140472,0.0,0.0,0.0,0.0,1.336356710539239,286.3588977117842,98058.18555426583,1.192931810867658,339.23303232945153
10.7,276.27308103812555,-0.43971556710450826,-0.30776502398639377,-1.3426334278376284,0.0,0.0,0.0,0.0,1.4459369320583817,286.35422497325214,98049.77587682124,1.1928489671464784,339.23026455491976
10.75,276.3970135733444,-0.858047645325317,-0.16002404059481634,-1.4131517371598463,0.0,0.0,0.0,0.0,1.660979014754402,286.35341941177325,98048.32614100477,1.192834685664292,339.2297873993516
10.8,277.08142936776727,-0.3063992707772548,0.05411128472732615,-0.7089143562386225,0.0,0.0,0.0,0.0,0.7741886777452225,286.3489707091095,98040.32030664133,1.1927558187228047,339.2271523019197
10.85,277.42604571772074,-0.1430914786669233,0.8710021839253512,-1.0308659424737585,0.0,0.0,0.0,0.0,1.3571310058436246,286.3467307028348,98036.28941736932,1.1927161092300957,339.2258254725725
10.9,277.97835546071383,1.0854100460937108,0.6948585799353241,0.9638551811774563,0.0,0.0,0.0,0.0,1.609335336265725,286.34314068950533,98029.82947150504,1.1926524697284175,339.22369897884715
10.95,277.8912368997348,-0.4106626720502573,1.7364202354504488,-1.646190688069195,0.0,0.0,0.0,0.0,2.42770320380869,286.3437069601517,98030.8484079781,1.1926625077307673,339.22403440215754
11.0,278.8607963279372,2.6534388663182518,0.5379158980455859,2.7074839286015546,0.0,0.0,0.0,0.0,3.8289111447373894,286.3374048238684,98019.50894893717,1.19255079649111,339.2203013921307
11.05,278.77482112891266,-3.649891797524826,0.24282471714384382,-5.8271623045919485,0.0,0.0,0.0,0.0,6.880152214955156,286.33796366266205,98020.51442689847,1.1925607021061477,339.220632416594
11.1,279.19852485041804,8.89690218603003,2.1110479948665932,10.610552251342451,0.0,0.0,0.0,0.0,14.006970094309638,286.33520958847225,98015.5593025287,1.1925118857774841,339.2190010558361
11.15,279.14014900100415,-22.42990814353008,-2.348158847301578,-30.22650491523369,0.0,0.0,0.0,0.0,37.71281252691192,286.33558903149344,98016.24198355003,1.192518611364334,339.2192258172969
11.2,279.6597714712008,-12.865688384612069,-4.695595593956936,15.317124483814363,0.0,0.0,0.0,0.0,20.54723480287786,286.3322114854372,98010.16535257327,1.1924587457432445,339.21722513700956
11.25,279.92022962186854,8.12072322870384,-3.3272085356313297,16.430872985583008,0.0,0.0,0.0,0.0,18.62766892193303,286.33051850745784,98007.11958662403,1.1924287392667268,339.21622230163473
11.3,280.68735393852364,-0.4777262413651053,-4.857069985683545,-18.675136629132403,0.0,0.0,0.0,0.0,19.30233352018039,286.32553219939956,97998.14937341421,1.1923403649018018,339.2132686452178
11.35,280.4261639299058,2.490459403374816,-6.723957016207426,-13.315550289829517,0.0,0.0,0.0,0.0,15.123421091692252,286.3272299344556,98001.20347136515,1.1923704539878153,339.21427430719905
11.4,281.78426387192474,3.7707780734627043,-0.3751894625961396,-58.20726413787964,0.0,0.0,0.0,0.0,58.33048202123003,286.3184022848325,97985.32403366597,1.1922140072322382,339.2090451715662
11.45,281.64486457625515,17.821588249821108,-23.1439822817053,-97.87010050803825,0.0,0.0,0.0,0.0,102.13623009028461,286.3193083802543,97986.95384900061,1.1922300646552677,339.2095819088441
11.5,283.1033733390354,0.9551828410123546,-4.454702186182795,23.813429783522793,0.0,0.0,0.0,0.0,24.245333239246612,286.3098280732963,97969.90248255951,1.1920620670312387,339.20396608503205
11.55,284.2896261097807,3.543118246897367,6.142745748409851,-17.546725372687483,0.0,0.0,0.0,0.0,18.925500879649633,286.3021174302864,97956.03582166806,1.191925442436989,339.1993984837078
11.6,284.04500500279244,2.074160594594275,-5.075002488490888,5.394431718789151,0.0,0.0,0.0,0.0,7.691403382935708,286.30370746748184,97958.89518158894,1.1919536152658987,339.2003403889167
11.65,283.86169727857714,3.0964439556130143,-1.0329314851045406,-4.787899685051665,0.0,0.0,0.0,0.0,5.794730021087305,286.3048989676892,97961.03789773652,1.1919747270125343,339.2010462073271
11.7,283.82420225206914,7.886994183430412,-3.121029531320999,-0.9766679181376543,0.0,0.0,0.0,0.0,8.538113539135109,286.30514268536155,97961.47618835485,1.191979045390078,339.2011905801132
11.75,283.28942174659005,30.180139961072914,-5.577702398280216,-13.329502338516257,0.0,0.0,0.0,0.0,33.46083150052075,286.3086187586471,97967.72757101966,1.1920406384382027,339.2032497198951
11.8,283.4338703500597,23.07595529014615,-8.60899046465126,-15.416401476211979,0.0,0.0,0.0,0.0,29.05649434892364,286.3076798427246,97966.03898941523,1.1920240014104,339.20269353057284
11.85,282.55436610129124,4.328437635364161,-2.7494782779126377,-2.15706754070328,0.0,0.0,0.0,0.0,5.563087590457841,286.31339662034156,97976.32062176753,1.1921253020378466,339.20607998651303
11.9,281.45726050047364,1.9361957206020681,-1.3501737655460069,-2.2353862404116462,0.0,0.0,0.0,0.0,3.2509651965944144,286.3205278067469,97989.14729501671,1.1922516750543664,339.2103042504714
11.95,280.6686844078678,-0.3312624085288828,-0.31124664097981014,-0.6305221238847232,0.0,0.0,0.0,0.0,0.7772820617598695,286.32565355134886,97998.367673906,1.1923425156122442,339.2133405287601
12.0,280.86542694826784,-0.03500058696293108,-0.4482527058090317,-1.9172521293611975,0.0,0.0,0.0,0.0,1.969266679983418,286.3243747248362,97996.06720772688,1.1923198512261306,339.21258300757347
12.05,280.7390468132401,-0.057520915086641755,0.04826507720448861,-1.7881722760917558,0.0,0.0,0.0,0.0,1.7897481002457107,286.32519619571394,97997.54493713677,1.1923344099520838,339.21306961137503
12.1,280.8756301234558,0.5063858485543606,-0.14621588783951803,-3.204118009941106,0.0,0.0,0.0,0.0,3.247179997336423,286.3243084041975,97995.94790549189,1.1923186758477249,339.21254372206647
12.15,280.70179017387255,0.8673547284637408,0.33777814088875835,-3.709355219075104,0.0,0.0,0.0,0.0,3.8243580426955828,286.3254383638698,97997.98057258614,1.192338701864595,339.21321306117835
12.2,281.59274073215903,1.1889655642290153,1.4499704311181345,-4.33885085283134,0.0,0.0,0.0,0.0,4.7266986456886135,286.31964718524097,97987.56327120763,1.19223606885016,339.2097826041177
12.25,281.4587241801643,3.528864010732496,2.7745017398722998,-2.84697800554685,0.0,0.0,0.0,0.0,5.3156396487031525,286.3205182928289,97989.13018168249,1.1922515064497148,339.21029861479616
12.3,281.3440242763107,2.441999617412346,-1.0696192918452379,-1.5854187922496235,0.0,0.0,0.0,0.0,3.1017737357434387,286.32126384220396,97990.47125961338,1.192264719052447,339.21074024898815
12.35,280.1481638480884,2.9399435965690817,0.9263265398767728,1.1419981487738433,0.0,0.0,0.0,0.0,3.287173402984775,286.3290369349874,98004.45421437759,1.1924024802322442,339.2153446898642
12.4,279.09459670278255,5.037506089089594,0.9919902180370732,-4.271999836916178,0.0,0.0,0.0,0.0,6.67910883253955,286.3358851214319,98016.77470120482,1.1925238595468897,339.21940120480997
12.45,278.52731319592993,14.102342769367436,-1.5642696428245462,-5.514236199152271,0.0,0.0,0.0,0.0,15.222674270975968,286.3395724642264,98023.40907307209,1.1925892190336578,339.2215853777567
12.5,278.37829508850973,20.12183521186266,-2.0121830226420467,-10.426993814993166,0.0,0.0,0.0,0.0,22.752128094485375,286.34054108192464,98025.15189784406,1.192606388587732,339.2221591296669
12.55,278.13464529265025,17.956142404371548,-0.22692465224602432,-8.7188123575481,0.0,0.0,0.0,0.0,19.962270255910283,286.34212480559773,98028.00153109916,1.1926344618140214,339.22309723193314
12.6,278.850644888165,6.488716767994763,1.414550468327052,-4.151729888364552,0.0,0.0,0.0,0.0,7.832066099608725,286.3374708082269,98019.62766935532,1.1925519660838972,339.22034047754585
12.65,279.60076973312,1.9674295681082876,2.927493855811948,0.4123048989467162,0.0,0.0,0.0,0.0,3.5511962366192793,286.3325949967347,98010.85532237295,1.1924655432082718,339.21745230948505
12.7,279.30531841180425,8.050232594602441,1.2997783598698074,-2.8338661832938667,0.0,0.0,0.0,0.0,8.6328712579768,286.3345154303232,98014.31040668223,1.1924995819738542,339.2185898738216
12.75,278.90588599242926,13.364387973784849,-3.268864222428759,-2.562827323005596,0.0,0.0,0.0,0.0,13.995014223146182,286.33711174104917,98018.98162969385,1.192545601519765,339.22012778633206
12.8,279.01280711574464,10.324778722502597,-0.5773553562109746,-0.1171077729389029,0.0,0.0,0.0,0.0,10.341571887603477,286.33641675374764,98017.73120673178,1.1925332827531983,339.2197161145392
12.85,277.8870487924696,9.03147560469495,-0.6769984208643917,-1.326787764224886,0.0,0.0,0.0,0.0,9.153482628560006,286.34373418284895,98030.89739219024,1.1926629902958141,339.22405052717227
12.9,276.89182171658456,7.898744778740932,0.9535791734870425,-1.2195780375445033,0.0,0.0,0.0,0.0,8.049028072348628,286.3502031588422,98042.53815605537,1.1927776672865331,339.2278823201948
12.95,276.52947747867717,8.515125131037824,1.4658733591840512,-2.8003932748355456,0.0,0.0,0.0,0.0,9.08285985778387,286.3525583963886,98046.77662626855,1.19281942120628,339.22927739621275
13.0,276.3264838591579,11.047622219410117,-0.0725844397927463,-4.4006721108151545,0.0,0.0,0.0,0.0,11.892062068060797,286.3538778549154,98049.15118011854,1.1928428132061613,339.230058947545
13.05,277.020683017495,10.382228497500222,-2.587895057205867,-3.1097815443004797,0.0,0.0,0.0,0.0,11.142648278335278,286.3493655603863,98041.03085507077,1.1927628185151484,339.227386184772
13.1,276.9216936961797,7.9142360909353435,-3.66193379542453,-2.3237242604493296,0.0,0.0,0.0,0.0,9.02466544885386,286.3500089909748,98042.18873944048,1.192774225106334,339.2277673086374
13.15,277.1994870591325,6.11927299109984,-2.370951897435916,-0.011234734076844222,0.0,0.0,0.0,0.0,6.562548366207196,286.3482033341156,98038.9394009195,1.192742215043569,339.226697761071
13.2,276.82471828367704,7.7524989909360364,-2.7282277469334035,-3.437345374961847,0.0,0.0,0.0,0.0,8.90841234285735,286.35063933115606,98043.32307772846,1.192785399714678,339.22814067823396
13.25,275.54602386596093,23.083360032337154,-7.182350133514319,-9.988160989839026,0.0,0.0,0.0,0.0,26.15704539472751,286.35895084487123,98058.28118294544,1.192932752897879,339.233063801317
13.3,273.89261555561154,19.416759840891718,-6.497243735086209,-1.6388387473032398,0.0,0.0,0.0,0.0,20.540460834938557,286.3696979988885,98077.62541256024,1.1931233077117913,339.2394295108004
13.35,273.17723733527316,20.278892545823663,-4.881871937574494,-6.601762874711891,0.0,0.0,0.0,0.0,21.878058176032535,286.3743479573207,98085.99601518882,1.193205762054943,339.2421837177807
13.4,272.0999362792547,22.71210195944783,-2.2631939645574684,-9.699708208561727,0.0,0.0,0.0,0.0,24.800120194644283,286.3813504141848,98098.60254922885,1.1933299397733672,339.2463312859086
13.45,271.9619326897959,11.000503520719112,0.5599299883041409,-7.9671742368268585,0.0,0.0,0.0,0.0,13.594133463414042,286.3822474375163,98100.21755652879,1.1933458478060757,339.24686259081994
13.5,272.1702016503347,15.759073266704759,-1.9788966716442944,-7.9553318557504165,0.0,0.0,0.0,0.0,17.76377570218479,286.3808936892728,98097.7802666623,1.193321840163612,339.24606076844583
13.55,272.01732743642754,15.87790339437092,-4.6323931697095,-5.751113121207542,0.0,0.0,0.0,0.0,17.51120169527701,286.3818873716632,98099.56928877374,1.1933394622900575,339.2466493247211
13.6,272.1206630431544,8.369902324302927,-3.760245365812942,-7.833716104894302,0.0,0.0,0.0,0.0,12.064900254107764,286.38121569021945,98098.35999308588,1.1933275505593948,339.2462514891336
13.65,272.1110369550776,12.670194611680076,-3.344832512194013,-9.000909225072528,0.0,0.0,0.0,0.0,15.897738924465726,286.381278259792,98098.47264287327,1.1933286601766433,339.2462885489871
13.7,271.5549049891974,13.779353088624397,-4.079469300888363,-3.411941013248471,0.0,0.0,0.0,0.0,14.770036655193525,286.3848931175702,98104.98098344218,1.1933927678927188,339.24842961634755
13.75,271.274158584293,6.6231648160775505,-2.825955815424153,-0.6366523792911681,0.0,0.0,0.0,0.0,7.228946306600587,286.3867179692021,98108.26665516112,1.193425131735237,339.2495104643237
13.8,270.93349403150336,10.027732454149533,-1.579721779274968,-2.436787730788234,0.0,0.0,0.0,0.0,10.439773633409853,286.3889322887952,98112.25368922875,1.19346440371484,339.2508219870633
13.85,270.9616895276556,9.196023606404463,0.5442031755809393,-2.707570949353227,0.0,0.0,0.0,0.0,9.601767947187751,286.3887490180702,98111.9236927576,1.193461153286449,339.2507134375577
13.9,270.9845402122912,3.449800378404021,2.4555954216325455,-0.3042181410711618,0.0,0.0,0.0,0.0,4.245423442124006,286.38860048862006,98111.6562519344,1.1934585190226787,339.25062546495286
13.95,271.08709315535674,7.652307257523916,2.12696121009857,-2.3364059450061756,0.0,0.0,0.0,0.0,8.278922822002714,286.3879338944902,98110.45599566922,1.1934466966088224,339.25023064720057
14.0,271.529449838354,4.539127656426669,0.9331717461490927,-1.633622652389089,0.0,0.0,0.0,0.0,4.913574295718665,286.38505857605065,98105.27889015268,1.1933957022801502,339.24852761649163
14.05,271.34822959054236,5.829150308474986,0.5660394225489438,-1.4444269961927696,0.0,0.0,0.0,0.0,6.032061280690377,286.38623650766147,98107.39976805045,1.1934165929235332,339.2492252980601
14.1,271.26781735195397,2.4981542191469472,0.0244117558084066,-1.7503294914851573,0.0,0.0,0.0,0.0,3.050413703946734,286.38675918721225,98108.34086981269,1.1934258627466332,339.24953487744824
14.15,270.5260670382449,3.7512535006203183,-0.6516189204714731,-3.4362556558635435,0.0,0.0,0.0,0.0,5.128777922262456,286.3915805642514,98117.0222628347,1.1935113734001699,339.252390531527
14.2,270.350145186826,-7.171326185916722,0.5981645340351784,-3.6886319702099626,0.0,0.0,0.0,0.0,8.086515064367804,286.3927240562856,98119.08133095369,1.1935316547566888,339.2530678070568
14.25,269.8485334067172,-3.9855420584607035,-3.087232174863133,-10.530483715900802,0.0,0.0,0.0,0.0,11.67504326724836,286.3959845328563,98124.95261194774,1.1935894851054842,339.2549989377002
14.3,270.0946537242009,13.557153112856728,-2.140939740924211,-6.632372207170079,0.0,0.0,0.0,0.0,15.243634231840897,286.39438475079265,98122.07177973769,1.1935611098584678,339.25405141250866
14.35,271.1818571433497,38.1241447672032,-10.191227024417312,-19.70790243056888,0.0,0.0,0.0,0.0,44.11023623499089,286.3873179285682,98109.34691012789,1.1934357721937516,339.2498658156753
14.4,270.4646593850891,47.11562599901818,-15.648998296771168,-9.035478989050207,0.0,0.0,0.0,0.0,50.461997993869325,286.3919797139969,98117.7410015277,1.1935184528233735,339.252626942908
14.45,268.6896141753199,9.719794350285582,-0.31607946077951854,4.57974020689835,0.0,0.0,0.0,0.0,10.749340854212948,286.4035175078604,98138.51865332996,1.193723104007806,339.2594605620952
14.5,267.5984602838157,21.003470351864767,-1.2596038699711163,-4.847668722756719,0.0,0.0,0.0,0.0,21.5924121111214,286.4106100081552,98151.29283731643,1.1938489202878289,339.26366124885425
14.55,267.2783879848082,25.693283499708357,-7.475869756784601,-11.785863089993045,0.0,0.0,0.0,0.0,29.23935728419578,286.41269047809874,98155.04019241707,1.1938858283775502,339.2648934423271
14.6,268.1416958913803,12.511737930411401,-8.720549248936361,-5.091161154316561,0.0,0.0,0.0,0.0,16.07829241995685,286.40707897670603,98144.93298718172,1.1937862808494615,339.26156992557947
14.65,268.77098116855956,8.884885150020894,-1.7966835068707412,1.2227219461257408,0.0,0.0,0.0,0.0,9.146819376726572,286.40298862240434,98137.56614049536,1.1937137223348784,339.2591473161566
14.7,269.1354229185634,11.630300073918018,0.4964461807709864,-1.457956253912392,0.0,0.0,0.0,0.0,11.73183596280232,286.4006197510293,98133.29993921761,1.1936717026307293,339.25774428794716
14.75,268.3397348707374,10.442575019846135,2.5630077858029883,-0.7752900469984886,0.0,0.0,0.0,0.0,10.780420057315771,286.4057917233402,98142.61455826472,1.1937634459864124,339.26080752108504
14.8,267.87345126090196,6.689261961119202,3.385219498387555,-0.20435698466765334,0.0,0.0,0.0,0.0,7.499846559358535,286.40882256680413,98148.07337961785,1.1938172113003562,339.26260260294174
14.85,267.5531829363977,8.339272847376748,2.7093992378940075,-0.7837151513088016,0.0,0.0,0.0,0.0,8.803324672627193,286.4109043109134,98151.82293019757,1.1938541412439698,339.2638355549067
14.9,267.11710172686605,17.573021157101728,-3.1679677638764305,-3.95639192783146,0.0,0.0,0.0,0.0,18.289344696503345,286.4137388387754,98156.92854993326,1.193904426905333,339.2655143499537
14.95,266.5552960144268,16.893041401370606,-6.917082582298827,-4.399567928165393,0.0,0.0,0.0,0.0,18.77703590009096,286.4173905759062,98163.50646364054,1.1939692125754096,339.2676771381845
15.0,266.6298967150546,7.1809916938793,-6.933716680559157,-4.340524710925545,0.0,0.0,0.0,0.0,10.884999930178369,286.41690567135214,98162.6329792558,1.1939606097020912,339.2673899480265
15.05,266.28768780801,9.69389842825717,-4.9806841219854405,-4.2556776065487725,0.0,0.0,0.0,0.0,11.699986023549148,286.4191300292479,98166.63988531908,1.1940000732588416,339.2687073469256
15.1,266.04034641127635,14.130044960515118,-5.617603526112132,-6.925516482727173,0.0,0.0,0.0,0.0,16.70863305346347,286.4207377483267,98169.53607515742,1.194028597308485,339.2696595319423
15.15,265.2964487381045,13.561021837239952,-1.5674643811642424,-1.9821314633835976,0.0,0.0,0.0,0.0,13.794459141062859,286.4255730832023,98178.24699878138,1.1941143886540384,339.27252328319565
15.2,264.46348061346737,7.438967403211313,-1.11627971818845,-0.6199734147197093,0.0,0.0,0.0,0.0,7.5477601624745985,286.43098737601247,98188.00166602232,1.1942104578070716,339.2757298964931
15.25,263.6037823182539,6.306093208265965,-0.918630560663622,-0.965326885616206,0.0,0.0,0.0,0.0,6.445351010954855,286.4365754149313,98198.07018610921,1.1943096160454771,339.27903937909053
15.3,263.5764903707425,6.649663951437234,-1.869919751521676,-1.3614215226642195,0.0,0.0,0.0,0.0,7.04046156914077,286.43675281259016,98198.38983463394,1.1943127640220776,339.2791444412633
15.35,263.49027038974646,7.897867827659587,-3.7239308587561437,-3.654760401337419,0.0,0.0,0.0,0.0,9.465793725576354,286.43731324246664,98199.39966512642,1.1943227090661515,339.2794763506188
15.4,263.89945413836057,12.000593767086544,-4.014381044554034,-3.615263893841686,0.0,0.0,0.0,0.0,13.160533384161392,286.43465354810064,98194.60727503967,1.1942755123280495,339.27790116860723
15.45,263.2863436039029,16.84170323341263,-1.6046169643484958,-4.6631627013813715,0.0,0.0,0.0,0.0,17.548870327863582,286.4386387665746,98201.78814131825,1.194346231254257,339.28026137858853
15.5,263.39751064970443,11.479011580664308,0.25932650988317585,-4.45080673172445,0.0,0.0,0.0,0.0,12.314407727167277,286.4379161807769,98200.48610034084,1.1943334085095034,339.27983343483413
15.55,262.6083715879759,7.129314549855418,-0.6615052527192571,-2.523305237004474,0.0,0.0,0.0,0.0,7.59156008138311,286.44304558467815,98209.72917257456,1.1944244353253448,339.2828712580619
15.6,262.0986496350128,4.491259995650631,-0.8712137624347036,-2.5124145777286273,0.0,0.0,0.0,0.0,5.219449854033531,286.4463587773724,98215.69984690109,1.1944832343317022,339.2848334391955
15.65,261.46853919143854,5.292684519719673,-0.26762715389904224,-1.8422956937662733,0.0,0.0,0.0,0.0,5.610542499799295,286.4504544952556,98223.08110898231,1.1945559238202776,339.2872590416687
15.7,260.5754937515625,8.000570638880244,-0.40896071270222956,-3.9807811801790876,0.0,0.0,0.0,0.0,8.945557457012647,286.4562592906148,98233.54322295537,1.1946589512651244,339.2906967795011
15.75,260.50331745839947,10.775027658882147,-1.6099566669623195,-6.650833672145483,0.0,0.0,0.0,0.0,12.764277106586016,286.4567284365204,98234.38881464167,1.1946672782817311,339.29097461734
15.8,260.7871334322952,11.730933381180707,-2.081155702456601,-3.8152784163856053,0.0,0.0,0.0,0.0,12.51009018537058,286.45488363269004,98231.06376198346,1.1946345345407097,339.2898820853182
15.85,260.22818084503126,10.54266821420752,-3.1560552201511896,-3.3751993064728403,0.0,0.0,0.0,0.0,11.510886498698522,286.4585168245073,98237.6122710474,1.1946990213436464,339.29203373534244
15.9,259.5709844868922,9.79171934830736,-3.064335760315698,-3.905449473791309,0.0,0.0,0.0,0.0,10.978180953159002,286.46278860083515,98245.31222473593,1.1947748460145928,339.2945635506376
15.95,259.2154459132449,9.445730484860913,-2.2386816639195177,-4.201669022786683,0.0,0.0,0.0,0.0,10.57769079535063,286.4650996015639,98249.47804883122,1.1948158681589793,339.2959321549265
16.0,259.3497959238582,7.513062678201733,-2.613247661866584,-3.7424833416034424,0.0,0.0,0.0,0.0,8.790981498730288,286.4642263264949,98247.90386102074,1.1948003666888916,339.29541499087264
16.05,258.9301782627881,6.4451511727853985,-2.9813215211293267,-3.7981771252064993,0.0,0.0,0.0,0.0,8.053223027263543,286.46695384129185,98252.82061616397,1.194848783202857,339.2970302554975
16.1,258.8597879112169,8.953240144881644,-1.2932431905533606,-2.7934833771946916,0.0,0.0,0.0,0.0,9.467657388208341,286.4674113785771,98253.64541536504,1.1948569051611149,339.2973012134178
16.15,258.2400894475342,8.921955264414029,-1.7490849030614903,-4.577027051925278,0.0,0.0,0.0,0.0,10.178887973269902,286.471439418591,98260.9069763244,1.1949284106053202,339.2996866475847
16.2,258.7065253689603,9.308820591629477,0.045707188038426244,-4.400967067022609,0.0,0.0,0.0,0.0,10.29683160390617,286.4684075851017,98255.44128915566,1.194874589434978,339.29789117562285
16.25,258.8608754918396,9.63675432606324,0.5774018915195459,-3.6545261108778275,0.0,0.0,0.0,0.0,10.322595990365832,286.467404309303,98253.63267159241,1.194856779670804,339.2972970269283
16.3,258.9545702975599,9.784883805643046,-0.3687714493205805,-5.098504526409399,0.0,0.0,0.0,0.0,11.039687127703695,286.46679529306584,98252.53480371565,1.194845968749026,339.2969363616836
16.35,258.60838386471744,8.533722986488137,0.5132813740997744,-5.26057406651831,0.0,0.0,0.0,0.0,10.038004049034784,286.4690455048793,98256.59128896726,1.194885913645907,339.29826895674825
16.4,258.03762045238665,8.759126971100331,0.9802239331957684,-4.924038074671117,0.0,0.0,0.0,0.0,10.096003923131066,286.47275546705947,98263.2795807475,1.1949517737020043,339.3004660172856
16.45,257.2911664091042,7.751136532987506,-0.9636869423150758,-5.76592987306496,0.0,0.0,0.0,0.0,9.708488933758181,286.4776074183408,98272.02719817332,1.19503791078813,339.3033393487436
16.5,256.97119659994024,7.933696477767741,-1.1423216215604093,-4.776632880777965,0.0,0.0,0.0,0.0,9.330844558032133,286.4796872221004,98275.7770842172,1.1950748351680667,339.30457100361247
16.55,257.180454510092,6.846928558476199,-1.0387584607354166,-5.258384227280626,0.0,0.0,0.0,0.0,8.695404217535838,286.47832704568435,98273.32467311806,1.1950506867954511,339.3037655108607
16.6,257.15504348124637,8.07564417805808,-1.849672216445158,-5.078480493857633,0.0,0.0,0.0,0.0,9.717421485424257,286.47849221737187,98273.6224766084,1.1950536192094552,339.3038633251841
16.65,256.4698438670676,8.47665957957858,-3.9852488283473004,-3.790806562119399,0.0,0.0,0.0,0.0,10.10476027639015,286.482946014864,98281.65292036084,1.1951326928155053,339.3065008439912
16.7,256.49861448642554,6.850031273646453,-3.3779320290860606,-2.381269249249211,0.0,0.0,0.0,0.0,8.000237276511228,286.4827590058382,98281.31572203462,1.195129372539581,339.3063900985011
16.75,255.3525421699144,8.752055146356106,-2.173774991387483,-2.2159708312376454,0.0,0.0,0.0,0.0,9.286242174471658,286.49020847589554,98294.74867979667,1.1952616405772585,339.3108015967192
16.8,255.11657313718004,9.33768841654371,-1.3840305712896792,-2.8451152819568586,0.0,0.0,0.0,0.0,9.859140254319515,286.4917422746083,98297.5146252906,1.1952888751188668,339.31170988914727
16.85,254.82147393547856,7.849835624334565,-2.222376169492933,-3.4958179329657457,0.0,0.0,0.0,0.0,8.875788313623023,286.49366041941937,98300.97376239013,1.1953229348810415,339.3128457821072
16.9,255.20380655787224,10.754211617524284,-1.7223633841012642,-2.5757570009458854,0.0,0.0,0.0,0.0,11.19169903407471,286.4911752573738,98296.49209866184,1.195278806953355,339.31137411038964
16.95,255.07042145081263,10.79077391924075,-2.2442909738645715,-4.507917189605297,0.0,0.0,0.0,0.0,11.90793689687157,286.4920422605697,98298.05560639389,1.195294201805617,339.3118875360177
17.0,254.52741807656147,9.741282285683482,-1.2544722486650892,-4.806820293371318,0.0,0.0,0.0,0.0,10.934889232397737,286.49557178250234,98304.42076752694,1.1953568749612231,339.3139776552599
17.05,254.2578673290822,8.78570856266642,-0.5003153835995909,-4.496293441327335,0.0,0.0,0.0,0.0,9.882087084300545,286.49732386236093,98307.5806028636,1.1953879872963538,339.3150152005758
17.1,254.531250242438,7.629928879931263,-0.24010913251018468,-3.642080193365808,0.0,0.0,0.0,0.0,8.458026675485923,286.49554687342413,98304.37584517579,1.195356432645903,339.3139629045981
17.15,254.3770620734256,8.191827821696464,-0.4262563811511213,-2.8983291827195155,0.0,0.0,0.0,0.0,8.69988790813973,286.4965490965227,98306.18332052375,1.19537422941417,339.31455640072323
17.2,254.00180201432605,9.471914815357456,-0.6398902328911305,-2.050235406039886,0.0,0.0,0.0,0.0,9.712368145808574,286.49898828690687,98310.58243005336,1.1954175436772148,339.31600083529696
17.25,253.6837112567543,9.702697526890708,-0.5490828308368503,-2.0093556996414836,0.0,0.0,0.0,0.0,9.923776578557812,286.50105587683106,98314.3114784572,1.1954542601335756,339.31722521148566
17.3,253.48101748139925,8.346497451698022,0.01678093122836319,-3.513647689157038,0.0,0.0,0.0,0.0,9.055938460169275,286.5023733863709,98316.68776222486,1.1954776570419487,339.31800540611
17.35,252.7248186823764,7.508119102376974,0.851872295575649,-3.907428490589624,0.0,0.0,0.0,0.0,8.506793536492987,286.5072886785645,98325.55348154333,1.195564948033487,339.32091609751194
17.4,251.89468958140787,8.823775557673464,0.36092495630558397,-3.9512874930929502,0.0,0.0,0.0,0.0,9.674810322138239,286.5126845177208,98335.28670945842,1.1956607787040292,339.32411132593637
17.45,251.09323455134987,9.058056219026554,-0.8445704264474494,-4.18693365417071,0.0,0.0,0.0,0.0,10.014594105439448,286.5178939754162,98344.68447533221,1.195753304795631,339.3271961571906
17.5,250.52909110820818,10.010371714496939,-1.2227557712627497,-4.420278145602912,0.0,0.0,0.0,0.0,11.010973273196674,286.52156090779664,98351.29999001943,1.1958184371094844,339.3293675501963
17.55,250.51583994499342,11.133781269816366,-0.8300557755456096,-4.370546696571799,0.0,0.0,0.0,0.0,11.989652054231808,286.5216470403575,98351.45538615038,1.1958199670347833,339.32941855387145
17.6,250.25861466403202,9.393806879192383,-0.3033558745973292,-4.714560714965085,0.0,0.0,0.0,0.0,10.5148806557805,286.52331900468374,98354.47190135991,1.1958496655140587,339.330408611448
17.65,249.84851374490572,8.931458713122225,0.784827695918089,-3.014549878489356,0.0,0.0,0.0,0.0,9.459091934556255,286.5259846606581,98359.28136452097,1.1958970157347375,339.3319870798783
17.7,249.90492253971905,7.958092268847381,-0.49911461917445216,-3.4215221962433393,0.0,0.0,0.0,0.0,8.676817510006073,286.5256180034918,98358.61981844738,1.1958905026945381,339.3317699642391
17.75,249.82992081031654,7.732166308885022,-1.7051621981994416,-3.5260311214106514,0.0,0.0,0.0,0.0,8.66757575216862,286.52610551473293,98359.4994178839,1.1958991625075275,339.3320586434558
17.8,249.2662957292199,8.732168036765428,-2.806808497976844,-4.119305771765584,0.0,0.0,0.0,0.0,10.054730857060475,286.52976907776,98366.10965996583,1.1959642410457902,339.3342280102015
17.85,249.04513136208752,11.379271040024534,-2.6371716160970484,-4.619014437132569,0.0,0.0,0.0,0.0,12.56096245936306,286.5312066461464,98368.70359242555,1.1959897783601698,339.33507925778446
17.9,249.05635632232023,11.735911622042499,-2.1107102524593264,-6.514137087107709,0.0,0.0,0.0,0.0,13.587520059225717,286.5311336839049,98368.57193883158,1.1959884822311206,339.33503605367787
17.95,249.1209353998967,11.921368453146288,-2.2135899069989278,-6.169150779034072,0.0,0.0,0.0,0.0,13.604316499056312,286.5307139199007,98367.81451641138,1.1959810254043395,339.33478749310467
18.0,249.4137785465059,10.90492810666509,-2.7480871578474115,-4.637520990743043,0.0,0.0,0.0,0.0,12.164540311012269,286.5288104394477,98364.37993440466,1.19594721179355,339.33366035703096
18.05,249.38703018322005,9.792957890931252,-3.9656147875923016,-4.230521080414276,0.0,0.0,0.0,0.0,11.380924106106365,286.52898430380907,98364.69364591961,1.1959503003065224,339.33376331006576
18.1,249.3132580248833,8.362481801627608,-3.3947057847458164,-3.8764688881927216,0.0,0.0,0.0,0.0,9.822532274758162,286.52946382283824,98365.55886849815,1.1959588184768284,339.3340472550375
18.15,248.94249222364806,7.378131198612639,-2.484122046354904,-4.6709671235743,0.0,0.0,0.0,0.0,9.078855445189092,286.53187380054624,98369.90741724547,1.1960016299948797,339.33547430857493
18.2,248.79233958117297,6.789088991723218,-2.460901098276324,-4.68546818214817,0.0,0.0,0.0,0.0,8.608215589711834,286.53284979272235,98371.66853572674,1.1960189681264162,339.3360522346562
18.25,247.83780040121107,7.348212445541467,-3.570130038524185,-5.306471611040147,0.0,0.0,0.0,0.0,9.741698804395371,286.5390542973921,98382.86478383024,1.1961291932998237,339.3397261602198
18.3,248.48450109294527,9.281433878435148,-3.5255063783249527,-3.41542060552369,0.0,0.0,0.0,0.0,10.49949084365568,286.53485074289586,98375.27920835961,1.1960545148499924,339.3372370784668
18.35,247.83576077558186,10.335479001584254,-4.000681528444727,-2.7120652322755934,0.0,0.0,0.0,0.0,11.409771106746444,286.5390675549587,98382.88870868275,1.1961294288334041,339.33973401049167
18.4,247.243527651111,10.445913777799635,-4.404678184124454,-3.4545454691644544,0.0,0.0,0.0,0.0,11.851252632420373,286.5429170702678,98389.83581525726,1.1961978207223953,339.342013436339
18.45,246.47266885864315,10.52329581811383,-3.8176327441822377,-3.740061407034266,0.0,0.0,0.0,0.0,11.802632501834985,286.5479276524188,98398.87885986279,1.1962868450283373,339.34498034548494
18.5,246.69584398748938,7.724202431877695,-3.941847870662652,-3.485185147936524,0.0,0.0,0.0,0.0,9.34601430340604,286.5464770140813,98396.26069422737,1.1962610706414056,339.344121383661
18.55,245.99432590169002,5.5731996773744505,-3.3735995892390913,-2.9930967480487447,0.0,0.0,0.0,0.0,7.16940422738046,286.551036881639,98404.49070159372,1.1963420900546142,339.34682139608185
18.6,246.2433182449291,6.104071581801277,-2.824421356832293,-2.905241566255319,0.0,0.0,0.0,0.0,7.326491277206435,286.54941843140796,98401.56953160171,1.1963133330616484,339.3458630733988
18.65,246.10407442428001,7.284255314569314,-3.2567503267272295,-3.526460287495341,0.0,0.0,0.0,0.0,8.723687313157832,286.55032351624214,98403.20312687755,1.1963294147503074,339.3463989958818
18.7,245.71916401307888,9.219892080304698,-3.869056738172179,-3.345111904539716,0.0,0.0,0.0,0.0,10.543518562109812,286.55282543391496,98407.7189735094,1.1963738700746522,339.3478804370633
18.75,246.03466621780086,10.303388395468204,-4.923090431006633,-3.312922093420233,0.0,0.0,0.0,0.0,11.889999353103844,286.55077466958426,98404.01742556352,1.1963374309751014,339.34666613430255
18.8,245.09685334767124,10.015592506290716,-4.811484468073155,-3.684070317523003,0.0,0.0,0.0,0.0,11.706188540384526,286.5568704532401,98415.020402812,1.1964457466741791,339.3502755694234
18.85,245.1388237778216,9.469532603965447,-3.578797561238379,-3.880003779541491,0.0,0.0,0.0,0.0,10.841322292559457,286.5565976454441,98414.5279595197,1.196440899004651,339.3501140353052
18.9,245.0014172558659,9.288488415740709,-2.901345338314969,-4.159106550721944,0.0,0.0,0.0,0.0,10.582626759069296,286.55749078783685,98416.14017153461,1.196456769791644,339.35064287976235
18.95,244.5276703532857,9.175018370867278,-2.4135015291822284,-3.9329000976665562,0.0,0.0,0.0,0.0,10.2700367533589,286.5605701427036,98421.69888133269,1.1965114899443592,339.352466210647
19.0,244.42292547073677,8.503988408080552,-3.2468308743799335,-4.6006280919961595,0.0,0.0,0.0,0.0,10.19928960332333,286.56125098444016,98422.92793984452,1.196523588764168,339.352869345637
19.05,244.20522137014135,9.330400851314506,-2.7587701733769903,-4.409943146115848,0.0,0.0,0.0,0.0,10.682452502478029,286.56266606109403,98425.48248223275,1.1965487355205875,339.35370722886154
19.1,244.04861741372247,7.511787585743583,-3.1934880790032314,-5.646118565179085,0.0,0.0,0.0,0.0,9.924916810539376,286.56368398681076,98427.32010803571,1.1965668249179298,339.3543099531515
19.15,243.5288731869033,7.810450296155658,-3.540375131644677,-5.765112433449474,0.0,0.0,0.0,0.0,10.333146242640709,286.56706232428513,98433.41910198418,1.1966268623197027,339.3563102938569
19.2,243.38974478820214,9.787343461922092,-2.6793442458655994,-4.38275411627735,0.0,0.0,0.0,0.0,11.053484123715394,286.5679666588767,98435.05177090794,1.1966429338994615,339.3568457556187
19.25,242.7967953836215,9.112941946370238,-2.5432219582215017,-4.144940750505463,0.0,0.0,0.0,0.0,10.329289553105529,286.57182083000646,98442.01026596404,1.1967114309953262,339.3591278232467
19.3,242.63035415632208,8.897857622040767,-1.9901183783651721,-4.886043492850794,0.0,0.0,0.0,0.0,10.344363800449276,286.57290269798386,98443.96359098614,1.1967306587073434,339.35976839813935
19.35,242.47285627824843,9.352319833671762,-0.8298766625607656,-5.247088310041082,0.0,0.0,0.0,0.0,10.75576669883291,286.5739264341914,98445.81198733207,1.196748853478651,339.3603745520512
19.4,242.41794566634775,9.089253149027058,0.1643774632410756,-4.763600736831922,0.0,0.0,0.0,0.0,10.263207819072237,286.5742833531687,98446.4564253155,1.1967551970172057,339.36058588341973
19.45,242.01640107354766,8.378356909000548,-0.4714079841696368,-5.620446376216356,0.0,0.0,0.0,0.0,10.099926111118817,286.5768933930219,98451.16910797919,1.1968015861658716,339.36213128139934
19.5,241.59618391554656,7.716432723205159,-0.9536320385935728,-5.97688161993831,0.0,0.0,0.0,0.0,9.806929281663038,286.5796248045489,98456.10113470475,1.1968501339687097,339.36374853570334
19.55,241.30360448836973,8.23927655084431,-0.38074638904378283,-4.926653334535421,0.0,0.0,0.0,0.0,9.607422077370796,286.5815265708256,98459.5352143744,1.1968839366393655,339.36487455689587
19.6,240.5957285980504,7.1577554538421335,-1.2755556650027902,-5.216859602023227,0.0,0.0,0.0,0.0,8.948526666370809,286.58612776411263,98467.84413619482,1.1969657229076585,339.36759887261474
19.65,239.6897503195767,6.855064686417357,-2.3083954838791616,-5.605114303851287,0.0,0.0,0.0,0.0,9.150841924336707,286.59201662292276,98478.47917710095,1.1970704036844086,339.3710855689594
19.7,238.76794465021334,10.12698754335327,-1.2398438147428728,-4.1983589878504075,0.0,0.0,0.0,0.0,11.032647351341053,286.5980083597736,98489.300966183,1.1971769204168332,339.374633140932
19.75,237.84466679204255,11.561989049733482,-0.6247458614546522,-4.667811119513628,0.0,0.0,0.0,0.0,12.484324524178982,286.6040096658517,98500.14100366081,1.1972836145322174,339.3781863414557
19.8,237.2876382366678,11.012160308105765,0.01193353361339261,-4.247978537606037,0.0,0.0,0.0,0.0,11.803098691301622,286.60763035146164,98506.68144189831,1.1973479883463916,339.38033002715684
19.85,237.05449332854403,11.044754849066356,-0.7515781053368213,-4.427976663894,0.0,0.0,0.0,0.0,11.923022127815846,286.60914579336446,98509.41905383545,1.1973749328624426,339.3812272651205
19.9,236.83188354695986,11.822015004650877,-2.1668014701706197,-5.10329249923555,0.0,0.0,0.0,0.0,13.057513611483538,286.61059275694475,98512.03301870593,1.197400660268676,339.38208395734944
19.95,236.69186382682776,12.160200293381134,-1.7274739896691587,-2.9369693261879144,0.0,0.0,0.0,0.0,12.62855598962521,286.6115028851256,98513.67720986558,1.1974168428120708,339.38262280860147
20.0,236.90167540071712,10.850831659846975,-3.443919017505393,-3.955867485194446,0.0,0.0,0.0,0.0,12.051971352019196,286.61013910989533,98511.21349137828,1.197392594255173,339.38181537037843
20.05,236.63978772680807,12.52334745658909,-1.568114209031275,-2.318286162769076,0.0,0.0,0.0,0.0,12.832289913476425,286.61184137977574,98514.28872270799,1.1974228614623326,339.38282321780883
20.1,236.06123827114607,10.255641274377659,-3.3702737431002467,-4.270138546376154,0.0,0.0,0.0,0.0,11.609091534542959,286.6156019512375,98521.08264908324,1.197489728372588,339.38504969450827
20.15,235.53803523085725,10.267440474446007,-2.0737822920722913,-2.5976913270890236,0.0,0.0,0.0,0.0,10.792076126586494,286.61900277099943,98527.22696725972,1.197550200979539,339.3870631647316
20.2,236.1206779207689,8.968382340760936,-3.011676237711466,-2.728727974638162,0.0,0.0,0.0,0.0,9.846219169327961,286.61521559351496,98520.38462972447,1.197482858394831,339.3848209489721
20.25,236.3011245793341,10.82519844815326,-1.9972653799002724,-2.511710556040997,0.0,0.0,0.0,0.0,11.290822837905823,286.6140426902343,98518.26560978484,1.1974620027276233,339.3841265232133
20.3,236.40636910260184,10.099880724607793,-2.73684600443717,-4.936728144416297,0.0,0.0,0.0,0.0,11.570185887667481,286.61335860083307,98517.02972007435,1.1974498389024864,339.38372150254463
20.35,236.1883640235392,9.882178908492973,-3.103916988077031,-4.0082747270235775,0.0,0.0,0.0,0.0,11.106665878454816,286.614775633847,98519.58977443019,1.197475035336638,339.38456046787707
20.4,235.74110897316584,9.6882043410709,-3.80783776792319,-3.723992806317952,0.0,0.0,0.0,0.0,11.055724953284392,286.6176827916744,98524.84210160242,1.197526729128656,339.3862816666139
20.45,235.73247970592107,11.373581584850786,-1.7016419047311204,-2.7452561092879817,0.0,0.0,0.0,0.0,11.823297947052541,286.61773888191146,98524.94344139032,1.1975277265171784,339.3863148750606
20.5,235.48230877857335,8.158861003970957,-2.9037317990357145,-5.311812832523834,0.0,0.0,0.0,0.0,10.1594304373136,286.61936499293927,98527.88141800549,1.1975566420657235,339.3872776191124
20.55,235.50622747887124,7.437890766876397,-2.414504213176298,-4.639364203221787,0.0,0.0,0.0,0.0,9.092620626946172,286.6192095213873,98527.60051666261,1.1975538774434538,339.3871855718184
20.6,235.17713852891836,6.851584149254013,-2.646609109538253,-3.77937261141556,0.0,0.0,0.0,0.0,8.260290701235506,286.621348599562,98531.4653959489,1.1975919153334178,339.38845201583683
20.65,234.74886997047622,7.9962352981989815,-2.6079851564362353,-3.3768983469145524,0.0,0.0,0.0,0.0,9.063377293578224,286.62413234519187,98536.49524206576,1.1976414183258608,339.39010012898467
20.7,234.27506355383855,9.340705886372584,-3.128604525134414,-4.771749605034712,0.0,0.0,0.0,0.0,10.945617708633712,286.62721208690004,98542.06015469898,1.1976961868026461,339.3919234769185
20.75,234.1026668382572,9.583373359660415,-2.9176320262121753,-5.326935070781254,0.0,0.0,0.0,0.0,11.345918157617179,286.6283326655513,98544.08503774006,1.197716115048526,339.39258690829575
20.8,233.7595034347063,8.578852403960333,-3.550646094669093,-6.8712626602989095,0.0,0.0,0.0,0.0,11.550673002268868,286.6305632276744,98548.11575863785,1.1977557838718262,339.3939074943825
20.85,233.9692651736365,6.596684855840434,-0.9468435085553121,-3.519860346821053,0.0,0.0,0.0,0.0,7.536722137513833,286.62919977637137,98545.65192811647,1.19773153582483,339.3931002747851
20.9,233.65498786789385,10.077038393095807,-2.514773360983837,-2.9590699185531824,0.0,0.0,0.0,0.0,10.799392696625453,286.6312425788587,98549.34340172562,1.1977678658072317,339.39430969768176
20.95,233.41700117363067,13.212884493084355,-3.9746270855693018,-2.8203531294509183,0.0,0.0,0.0,0.0,14.083052540970431,286.6327894923714,98552.13884701638,1.1977953772709518,339.3952255310898
21.0,233.19546008906218,11.170511705847176,-4.8472032879257085,-5.096423206933108,0.0,0.0,0.0,0.0,13.200350032825376,286.63422950942106,98554.74117617916,1.1978209880427153,339.3960780753824
21.05,232.45420453280553,10.947418907909821,-3.195784529845044,-5.705408034303796,0.0,0.0,0.0,0.0,12.75189006948996,286.63904767053674,98563.44872845571,1.1979066823133229,339.39893059253825
21.1,232.37528106368242,9.984587833133507,-3.075649804004709,-4.264465690116505,0.0,0.0,0.0,0.0,11.284382284228618,286.63956067308607,98564.37588161773,1.197915806688645,339.3992343062858
21.15,232.31900311586793,10.511584630698524,-4.632131865431078,-3.600430143736174,0.0,0.0,0.0,0.0,12.037987966724485,286.63992647974686,98565.0370109151,1.1979223130382384,339.3994508752421
21.2,231.65335199643508,10.047787522766539,-4.383273090624939,-2.6398854997996204,0.0,0.0,0.0,0.0,11.275642444743978,286.64425321202316,98572.8570684184,1.1979992716780732,339.40201242525916
21.25,231.30765918942265,8.987357911747212,-4.146939632198853,-2.720052567290755,0.0,0.0,0.0,0.0,10.264910935598603,286.6465002152687,98576.91845955959,1.1980392401250997,339.403342708215
21.3,231.28441098844408,7.489656270744404,-4.0175278142167965,-2.2550674320954034,0.0,0.0,0.0,0.0,8.79322522827682,286.6466513285751,98577.19159720252,1.1980419280813608,339.4034321709409
21.35,231.62527307434144,7.244407947763016,-4.062413734944397,-2.4463390115592993,0.0,0.0,0.0,0.0,8.658477142486072,286.64443572501676,98573.1869501381,1.1980025180798752,339.4021204777785
21.4,231.61867193956735,9.990472593264217,-0.7749953925568697,0.4084389883351085,0.0,0.0,0.0,0.0,10.028807651083953,286.6444786323928,98573.2645028778,1.1980032812845025,339.40214588007495
21.45,231.02219679126472,11.135314703122438,-1.3946635208311389,-0.8013124451783824,0.0,0.0,0.0,0.0,11.250885365548331,286.6483557208568,98580.27233254041,1.1980722455980155,339.40444121069
21.5,231.36732735491216,12.064854176415558,-2.8235140954733375,-1.8966579764901765,0.0,0.0,0.0,0.0,12.535160534484286,286.64611237219304,98576.21743512843,1.1980323413148144,339.4031130956421
21.55,231.03967982355059,11.483965416596655,-4.597434477089538,-1.8726878618638838,0.0,0.0,0.0,0.0,12.510988181941979,286.6482420811469,98580.06692325282,1.198070224170812,339.40437393344024
21.6,231.16781428760802,13.209428622521024,-2.9193555413278807,-0.15264122847560757,0.0,0.0,0.0,0.0,13.529040640592001,286.6474092071305,98578.56147364868,1.198055409057811,339.4038808529884
21.65,230.1405729261394,12.985356254501646,-1.6960376338089886,-1.5568147793084421,0.0,0.0,0.0,0.0,13.187861576794573,286.6540862759801,98590.63103828346,1.198174184299854,339.4078338101938
21.7,230.10124272901294,13.306545482867753,-0.339391790933413,-2.098819987533056,0.0,0.0,0.0,0.0,13.475325035614148,286.6543419222614,98591.09317192114,1.1981787320505461,339.4079851569482
21.75,229.69655689854108,14.32201939225353,-1.6405812957740467,-2.8394338767636533,0.0,0.0,0.0,0.0,14.692655689174877,286.65697238015946,98595.84837162838,1.1982255266401027,339.4095424268662
21.8,229.59255113935325,16.14152500768844,-4.105526139202237,-2.9710491442774676,0.0,0.0,0.0,0.0,16.918371891858154,286.6576484175942,98597.07050558495,1.1982375532489882,339.4099426498561
21.85,229.18167897529378,15.685896880414502,-4.723233806251455,-2.6945437570866257,0.0,0.0,0.0,0.0,16.601712700512813,286.6603190866606,98601.89863532213,1.1982850649711922,339.41152371620547
21.9,228.40030780452705,15.61772518281793,-2.967272690340997,-5.42120720124581,0.0,0.0,0.0,0.0,16.796057115397897,286.66539799927057,98611.08100090348,1.1983754237911461,339.41453046969997
21.95,228.13475751589746,20.40649607460165,-0.8743281103593763,-3.474659318582523,0.0,0.0,0.0,0.0,20.718657993883426,286.66712407614665,98614.20180072114,1.1984061335727754,339.41555231379874
22.0,227.75768651073489,19.063752025785195,-3.4848748376938676,-2.6709912273291603,0.0,0.0,0.0,0.0,19.56285224785717,286.6695750376802,98618.63335158983,1.198449741293844,339.417003287096
22.05,227.50903507793916,17.470753390066246,-1.7597337609396888,-2.547780716816685,0.0,0.0,0.0,0.0,17.74302887071103,286.6711912719934,98621.55573152968,1.1984784981397025,339.4179600970991
22.1,227.5748021105286,14.078823935758288,-1.5681795436206667,-4.09624382775285,0.0,0.0,0.0,0.0,14.746243046671724,286.67076378628155,98620.78277015737,1.198470892049663,339.417707026008
22.15,227.23793958865443,15.011466143230448,-1.0474285688681815,-4.733161979300267,0.0,0.0,0.0,0.0,15.774791431221171,286.6729533926737,98624.74197453086,1.198509851269974,339.4190032686941
22.2,226.57092374936138,16.860711248455253,-1.370860012004788,-4.370549787226517,0.0,0.0,0.0,0.0,17.471821496882487,286.6772889956291,98632.5819085492,1.198586996628404,339.42156992252785
22.25,226.45223490324386,15.680378031711061,-2.6512175991218956,-3.24417945489842,0.0,0.0,0.0,0.0,16.2304624182691,286.6780604731289,98633.97699985454,1.1986007242771182,339.4220266310605
22.3,226.49109673230376,14.105977314724091,-0.7686052119040403,-2.288594257044486,0.0,0.0,0.0,0.0,14.311080100700078,286.67780787124,98633.520208754,1.1985962294730397,339.4218770928227
22.35,226.66672143421874,13.412032253029581,0.6618039231693698,-3.1831127605631306,0.0,0.0,0.0,0.0,13.800463776101438,286.67666631067755,98631.45589596654,1.1985759166777872,339.42120129755006
22.4,226.10330690111797,14.74296081440538,1.3668213955363997,-2.6201565706890815,0.0,0.0,0.0,0.0,15.036233396609466,286.6803285051427,98638.07845859113,1.1986410822709341,339.42336928438164
22.45,225.51290684766892,13.639219632463405,-1.5148322575447737,-4.2256111740398925,0.0,0.0,0.0,0.0,14.35892818929199,286.68416610549014,98645.01860437881,1.1987093719688535,339.4256410950907
22.5,224.84306211181257,15.347309159637607,-1.462899164917371,-2.600342684060653,0.0,0.0,0.0,0.0,15.634633173911055,286.6885200962732,98652.8931002708,1.1987868543848657,339.4282185839729
22.55,224.8256932740684,13.453340232072609,-0.9878804440708564,-2.513207990711141,0.0,0.0,0.0,0.0,13.721679400724076,286.68863299371856,98653.09728994196,1.1987888635275472,339.42828541709025
22.6,224.55337451623873,12.371396608483664,0.015230994660077823,-4.479825142326463,0.0,0.0,0.0,0.0,13.157527097954986,286.69040306564443,98656.29873931759,1.1988203643739122,339.4293332639219
22.65,223.99901801377172,13.32581909932993,0.5227845685326693,-3.618681059355445,0.0,0.0,0.0,0.0,13.818307095389798,286.69400638291046,98662.81615691434,1.1988844922804747,339.4314663449755
22.7,224.05511652731067,11.927726555988363,-1.6204663818876233,-5.0571344759303765,0.0,0.0,0.0,0.0,13.056461281561003,286.6936417425725,98662.1566061979,1.198878002690512,339.4312504868808
22.75,223.3717832654086,12.631158224728832,-2.9641528138413373,-5.490682782349907,0.0,0.0,0.0,0.0,14.088291501041994,286.69808340877483,98670.19080448466,1.1989570538999694,339.43387983447434
22.8,223.45134342785838,14.957820688938865,-0.6399641817898917,-3.362158271727455,0.0,0.0,0.0,0.0,15.344382104228469,286.6975662677189,98669.25535940082,1.198947849800631,339.4335737018485
22.85,222.86184102569123,12.317068345479223,-0.6059658474377081,-3.595117443446252,0.0,0.0,0.0,0.0,12.845319640539843,286.70139803333296,98676.18672648295,1.1990160490177584,339.43584199028766
22.9,222.75952852667223,12.247785945403107,-0.062079074220255256,-2.318190421239317,0.0,0.0,0.0,0.0,12.465396953366374,286.70206306457663,98677.38975662323,1.1990278857982022,339.43623566696795
22.95,222.08711658055785,10.398743279048082,0.13354360497302292,-3.1143070475615717,0.0,0.0,0.0,0.0,10.855901807978391,286.70643374222635,98685.29653322301,1.199105680986842,339.43882295339836
23.0,221.81692596124017,10.58026579338936,1.4458769823139241,-3.478622205981656,0.0,0.0,0.0,0.0,11.230912561261391,286.7081899812519,98688.47380279712,1.1991369419743887,339.4398625791698
23.05,221.75807252417965,8.939645336032056,-0.12148189564777562,-4.6330513034260274,0.0,0.0,0.0,0.0,10.069616723847412,286.7085725285928,98689.16589271415,1.1991437513851346,339.4400890320199
23.1,221.5923556282974,10.460925613707886,0.49391994070800793,-2.6983630115282775,0.0,0.0,0.0,0.0,10.814623643259281,286.70964968841605,98691.1146698972,1.1991629251805969,339.44072666709246
23.15,221.15472017357493,12.20338456940103,-0.01287603106238322,-2.13174651863039,0.0,0.0,0.0,0.0,12.388184046120879,286.71249431887173,98696.26127132867,1.1992135616561928,339.4424105675733
23.2,220.97576579890267,13.211397707276879,-0.2698571364778714,-2.197917748974905,0.0,0.0,0.0,0.0,13.395696871951369,286.71365752230713,98698.36584084558,1.19923426798824,339.44309913222503
23.25,220.53287638977116,14.523584795993537,-0.9361958119511977,-3.493324610648908,0.0,0.0,0.0,0.0,14.967107093894095,286.71653630346646,98703.57454006847,1.1992855147133015,339.4448032365116
23.3,220.47452161006356,15.221850512342064,-2.1595624283911987,-4.999802906763479,0.0,0.0,0.0,0.0,16.16683246677245,286.71691560953457,98704.26085100618,1.1992922670686583,339.44502776738926
23.35,220.31645344505154,14.586179739315979,-1.349074217856042,-4.990788402522773,0.0,0.0,0.0,0.0,15.475290288446018,286.71794305260715,98706.11991111652,1.19931055761746,339.44563596333245
23.4,219.93825474409093,13.635046832518997,-1.7686532784416762,-5.213998699174232,0.0,0.0,0.0,0.0,14.704707374827947,286.7204013441634,98710.56806997443,1.1993543210071758,339.4470911470283
23.45,219.49851969770617,13.310903402191956,-1.0923065894100321,-4.385004373591385,0.0,0.0,0.0,0.0,14.057081717916045,286.72325962196487,98715.7401885433,1.1994052066318266,339.44878309441475
23.5,219.51420183181017,11.757455985625892,-1.1916847038719787,-5.016543379286709,0.0,0.0,0.0,0.0,12.838364037666087,286.72315768809324,98715.55573311522,1.1994033918852314,339.44872275516667
23.55,219.25536287628378,12.724190207901136,-2.334079547344525,-5.41600832069666,0.0,0.0,0.0,0.0,14.02448180540139,286.7248401413041,98718.6002683867,1.1994333451636316,339.4497186735996
23.6,218.78698014263333,14.828986064777757,-2.621872668213435,-4.1609909488950585,0.0,0.0,0.0,0.0,15.623280374955964,286.72788462907283,98724.10970871725,1.1994875486544876,339.451520833072
23.65,218.93372227391887,13.824378610583967,-0.7846261194131152,-2.3241996294695393,0.0,0.0,0.0,0.0,14.040334256479193,286.7269308052195,98722.38359991257,1.1994705667514083,339.4509562259231
23.7,218.82122280738326,11.907379901943715,0.16499517177344508,-1.061559426217316,0.0,0.0,0.0,0.0,11.955744558634251,286.72766205175196,98723.70691447286,1.1994835858660016,339.45138908058334
23.75,219.2704156185467,10.178902364347302,0.1504219056934532,-1.418121552231125,0.0,0.0,0.0,0.0,10.278314493608859,286.72474229847944,98718.42321179328,1.1994316032193584,339.44966075618623
23.8,219.42450262114028,9.151421841881458,1.026600521788432,-2.5206390908736678,0.0,0.0,0.0,0.0,9.547567846621554,286.72374073296254,98716.61079139212,1.199413771963656,339.4490678855307
23.85,219.06830598449585,10.111240743428684,1.4465552461084386,-3.0508787886248747,0.0,0.0,0.0,0.0,10.660092534049472,286.72605601110075,98720.80053053013,1.199454992057349,339.45043839886415
23.9,218.80903835045996,11.135476388324332,-2.1101635092703983,-5.275075133045952,0.0,0.0,0.0,0.0,12.501121633280144,286.727741250722,98723.85023929685,1.199484995931096,339.4514359616522
23.95,218.32889745790482,15.091289940406632,-3.648785433934456,-3.952858993983329,0.0,0.0,0.0,0.0,16.021415712558785,286.7308621665236,98729.4982336007,1.1995405619869781,339.45328335260047
24.0,217.70177533569466,16.11438229074867,-4.269730042672093,-3.1941039252902454,0.0,0.0,0.0,0.0,16.973691735602056,286.73493846031795,98736.87559184109,1.1996131409474728,339.4556962536466
24.05,216.39420345491513,15.644510118144172,-4.311340019230228,-2.8943285788202955,0.0,0.0,0.0,0.0,16.48379469419306,286.74343767754306,98752.25908122436,1.1997644814609867,339.46072718279834
24.1,215.94088686618488,15.073378733249571,-2.4762498540376408,-2.3365717902592937,0.0,0.0,0.0,0.0,15.453094431428205,286.74638423536976,98757.59277140218,1.1998169524758677,339.4624713170339
24.15,215.55474755504923,13.621845081335456,-0.5731362428185232,-3.064854520607302,0.0,0.0,0.0,0.0,13.974136173847102,286.74889414089216,98762.1362425676,1.1998616491618297,339.4639569798248
24.2,215.63666742330233,14.919383979537098,0.3329685035489357,-2.771145183717672,0.0,0.0,0.0,0.0,15.178212410638663,286.7483616617485,98761.17232615077,1.1998521666055955,339.46364179541655
24.25,215.63284740498636,13.57790577762117,-3.3786982458360018,-4.436189915286611,0.0,0.0,0.0,0.0,14.678382339578986,286.74838649186756,98761.21727452011,1.1998526087868984,339.46365649283695
24.3,216.58240196912175,12.941679703783054,-3.4252170081831688,-2.855656827494669,0.0,0.0,0.0,0.0,13.688460871291353,286.7422143872007,98750.04481964708,1.199742698156542,339.46000308693857
24.35,216.17493666514824,11.806324798114854,-4.092848403253993,-4.311364638959474,0.0,0.0,0.0,0.0,13.218493800001218,286.74486291167653,98754.83892927853,1.19978986118876,339.461570812243
24.4,216.1054613309431,13.95520680970586,-2.9057228388153145,-2.787902300012833,0.0,0.0,0.0,0.0,14.524579909659714,286.74531450134884,98755.65637318954,1.1997979029166448,339.46183811830315
24.45,215.0980999620731,14.305043956497245,-2.444105558718501,-2.1290982328740182,0.0,0.0,0.0,0.0,14.667685361525326,286.7518623502465,98767.50956110572,1.1999145090190642,339.4657139133399
24.5,214.44847017277442,13.985997705034594,-3.060614187857368,-2.2921072357171166,0.0,0.0,0.0,0.0,14.499284347586729,286.75608494387694,98775.15408637893,1.1999897108603685,339.4682133225375
24.55,214.34628674100767,13.053830013724049,-2.346379964322469,-2.1072095337378154,0.0,0.0,0.0,0.0,13.429382300882356,286.75674913618343,98776.35657457662,1.2000015400522226,339.46860646510163
24.6,214.70480672370013,12.020120487785404,-2.1804822977124125,-2.6565237898234213,0.0,0.0,0.0,0.0,12.501796600385617,286.75441875629593,98772.1375861369,1.1999600366355816,339.4672270861985
24.65,214.35487810055653,11.75971090687677,-1.6457359819008033,-1.6343872238114734,0.0,0.0,0.0,0.0,11.98626168297679,286.75669329234637,98776.25547154147,1.2000005454761982,339.46857341055187
24.7,214.2968642617054,10.562849897680811,-2.2822173505948258,-1.8400387784276164,0.0,0.0,0.0,0.0,10.962119170233873,286.7570703822989,98776.9381794575,1.2000072614421797,339.46879661396633
24.75,214.3570253061044,10.63073438819225,-0.8392653308939496,-0.7463583964142065,0.0,0.0,0.0,0.0,10.689898539454514,286.7566793355103,98776.23020326062,1.2000002969057242,339.46856514935445
24.8,214.00465324268075,9.744546677502884,-0.6862264955418738,-2.313788487477111,0.0,0.0,0.0,0.0,10.038959802589,286.75896975392254,98780.3769821627,1.2000410896573974,339.4699208693001
24.85,213.4298720380947,12.150914526453949,-1.6730410472928967,-5.042950125344466,0.0,0.0,0.0,0.0,13.261792342735136,286.7627058317524,98787.1414150298,1.200107632132201,339.47213227687234
24.9,213.60006299935225,18.95037544999422,-5.13123757449271,-6.127824849081275,0.0,0.0,0.0,0.0,20.56688032061857,286.7615995905042,98785.13844800566,1.2000879288142425,339.47147748733755
24.95,212.72408436311744,21.234630100326026,-3.347938776575697,-2.5057317759227735,0.0,0.0,0.0,0.0,21.64247909279897,286.7672934516397,98795.4481380217,1.2001893450997365,339.47484769774985
25.0,211.75865748916775,12.089493781068414,-0.19721888683751276,-1.4027042019166798,0.0,0.0,0.0,0.0,12.172195128648408,286.7735687263204,98806.81158394692,1.2003011248355253,339.4785620095124
25.05,211.16981768246617,9.818756051001099,2.3669628621755083,-1.8962157494375922,0.0,0.0,0.0,0.0,10.276483724913106,286.77739618506394,98813.7429747314,1.200369306211869,339.4808274481663
25.1,210.66562490930124,10.41566181839905,1.0928301607354864,-3.789513981742175,0.0,0.0,0.0,0.0,11.137356288333798,286.78067343808954,98819.6782755489,1.2004276887181466,339.48276721295446
25.15,209.98934153443366,10.006415963838625,-0.9281918087785335,-3.9633732362342924,0.0,0.0,0.0,0.0,10.802695399063436,286.78506928002616,98827.63986092868,1.2005060016974591,339.48536903902664
25.2,210.4878985840986,8.69456777435379,-1.0884546595700415,-2.1279230738086454,0.0,0.0,0.0,0.0,9.017111451946148,286.7818286592033,98821.77051874249,1.2004482688810012,339.4834509711394
25.25,210.576832271818,12.043456777711095,-2.305319885383209,-5.627020688033175,0.0,0.0,0.0,0.0,13.491579327643295,286.7812505902332,98820.72356242102,1.200437970599242,339.4831088208911
25.3,209.97799484304306,20.041260061421376,-3.5116090251877767,-7.108230756093124,0.0,0.0,0.0,0.0,21.552504431670393,286.78514303352017,98827.77344494339,1.2005073156669965,339.48541269232874
25.35,209.48813035348988,15.46569149226927,-1.4997107398755694,-1.4648936300470923,0.0,0.0,0.0,0.0,15.607134874303508,286.78832715270227,98833.54073382655,1.2005640440029448,339.48729730706634
25.4,209.1294759090573,10.10593402089606,0.9674617786290353,-1.786442818814495,0.0,0.0,0.0,0.0,10.308116349397029,286.7906584065911,98837.7634290534,1.2006055789728207,339.48867712172193
25.45,208.35231384545745,9.452263953432833,1.7157924097009067,-3.792967624429507,0.0,0.0,0.0,0.0,10.328399723022118,286.7957099600045,98846.91401498528,1.2006955841469091,339.49166699880425
25.5,208.24248116124286,9.799613090030595,-0.3815486699272231,-6.463286697962671,0.0,0.0,0.0,0.0,11.745299955381446,286.7964238724519,98848.20727987419,1.2007083045740319,339.49208954204255
25.55,207.49384608488637,9.628699619311524,-1.4239341424634353,-5.841351467328451,0.0,0.0,0.0,0.0,11.351688498450935,286.8012900004482,98857.02272085156,1.2007950115468908,339.49496964237943
25.6,207.45791755708606,13.049428721215872,-2.6639217544260094,-7.5672746231922075,0.0,0.0,0.0,0.0,15.31821511425553,286.8015235358789,98857.4458078944,1.2007991729122374,339.4951078636681
25.65,206.64327257752373,20.222666744876392,-1.3194391092116735,-4.6529961301979075,0.0,0.0,0.0,0.0,20.79296859096564,286.80681872824607,98867.03929517009,1.200893530849648,339.4982418839901
25.7,206.26313777090618,16.13577543494065,-0.6263084244506093,-2.3471868338267963,0.0,0.0,0.0,0.0,16.317622288871068,286.8092896044891,98871.51612699141,1.200937562689746,339.4997042905281
25.75,205.99983757413216,12.494049540287666,2.0956081291212163,-1.3070643338493273,0.0,0.0,0.0,0.0,12.735826024205197,286.81100105576814,98874.61709869097,1.200968062047313,339.5007172220429
25.8,205.77136433217458,11.87327009290524,1.5205032377913423,-6.049814872010071,0.0,0.0,0.0,0.0,13.41218598069704,286.81248613184084,98877.30796587993,1.2009945277074925,339.5015961697424
25.85,205.75844502174164,9.57999505925332,-1.3801198953186757,-8.042156440456278,0.0,0.0,0.0,0.0,12.584010349389612,286.8125701073587,98877.46012616342,1.2009960242552808,339.50164587089154
25.9,205.27093510018256,9.726754979681077,-2.7326219593124357,-6.884555174902586,0.0,0.0,0.0,0.0,12.225959478239128,286.8157389218488,98883.2020299958,1.2010524974988688,339.50352133744263
25.95,204.98558341829215,14.33044330712643,-1.991623975249078,-4.682218447555248,0.0,0.0,0.0,0.0,15.206950418416518,286.8175937077811,98886.56303438252,1.2010855536354295,339.5046190898527
26.0,204.3647663942013,17.231119641606355,-0.6150938011465297,-3.227208661662016,0.0,0.0,0.0,0.0,17.54151362435601,286.82162901843765,98893.87562463066,1.2011574736545663,339.5070073704511
26.05,203.84834102836365,14.04233555775973,1.0591493777737548,-3.8296800277193626,0.0,0.0,0.0,0.0,14.593677892699782,286.82498578331564,98899.95892141844,1.2012173026848747,339.5089940439591
26.1,203.71963230064222,12.862110887324398,2.0505275840093193,-4.8092159305505335,0.0,0.0,0.0,0.0,13.884059842757555,286.8258223900458,98901.47510904394,1.201232214232916,339.50948918091774
26.15,203.89070339245146,11.14577760253713,0.46592184010778936,-6.074743580750816,0.0,0.0,0.0,0.0,12.702281334397417,286.82471042794907,98899.45989727702,1.2012123948246882,339.5088310776023
26.2,203.4689474500294,10.363962005981465,0.33944329249329686,-4.172193638437798,0.0,0.0,0.0,0.0,11.177393701881797,286.82745184157477,98904.42822830116,1.2012612577296646,339.51045355272004
26.25,203.26514438189045,11.251499588111413,0.7144413855273832,-2.819747464562971,0.0,0.0,0.0,0.0,11.621430429965791,286.8287765615177,98906.82912310878,1.2012848700579775,339.51123757068353
26.3,202.87424191307218,11.780187674333886,0.10262422564634505,-4.034718404227046,0.0,0.0,0.0,0.0,12.452401614773994,286.831317427565,98911.43426782943,1.2013301604455429,339.5127413435548
26.35,203.17160170665002,13.565224337980125,-0.19588458827949806,-4.298536306212298,0.0,0.0,0.0,0.0,14.231342048010758,286.82938458890675,98907.93111507414,1.2012957078957427,339.51159742303935
26.4,203.33191014906112,14.144253527672351,0.36951295537842155,-3.777166636096902,0.0,0.0,0.0,0.0,14.644570170411551,286.8283425840311,98906.04258616158,1.2012771346337803,339.51098072705184
26.45,203.10350697685573,15.084113513913303,1.2993425166138917,-3.0369737097164156,0.0,0.0,0.0,0.0,15.441566655932654,286.8298272046504,98908.73332037605,1.201303597386108,339.5118593786274
26.5,203.47044510211234,13.431742067861919,0.5614783901900235,-3.410576306984953,0.0,0.0,0.0,0.0,13.869354120001013,286.82744210683626,98904.41058543872,1.2012610842151785,339.5104477913372
26.55,203.2391587168962,11.79597189558613,1.5875537647530504,-3.2403439447350775,0.0,0.0,0.0,0.0,12.335522234490954,286.8289454683402,98907.13524970475,1.201287880745012,339.51133753582053
26.6,203.43710104514616,11.683338669972086,0.1526523963133018,-3.690899334608019,0.0,0.0,0.0,0.0,12.253425771170086,286.8276588432065,98904.80339063208,1.201264947384605,339.51057606401514
26.65,203.3706787241954,13.89691725604379,0.4983656874463695,-2.1167924600503105,0.0,0.0,0.0,0.0,14.06604023521465,286.8280905882927,98905.58587364502,1.2012726429575926,339.51083158673623
26.7,203.16072417697606,14.26549366523065,0.08026365865088547,-3.9043097384474734,0.0,0.0,0.0,0.0,14.790347741056381,286.8294552928496,98908.05925990891,1.2012969681692565,339.51163926813683
26.75,202.56091227383706,16.15198369978091,-1.7637118123360285,-5.889204476182996,0.0,0.0,0.0,0.0,17.2823605493363,286.83335407022,98915.12566773525,1.2013664641034079,339.5139466946819
26.8,202.06899524821335,16.45219770843977,-2.2358801974825253,-5.00187795948172,0.0,0.0,0.0,0.0,17.34049459550201,286.8365515308866,98920.9212668348,1.2014234613219474,339.5158390468954
26.85,201.9311337000832,15.6494800288868,-0.17800845077929295,-2.4265630029584075,0.0,0.0,0.0,0.0,15.837490968913041,286.83744763094944,98922.54555403681,1.2014394353723283,339.51636938364203
26.9,201.21602482139585,13.54253413815398,0.5498510042623027,-2.563528442014723,0.0,0.0,0.0,0.0,13.793993079705842,286.8420958386609,98930.97132607098,1.201522297815634,339.5191203079477
26.95,200.54874131112769,11.680863758364652,1.0618293925611746,-3.556116606724882,0.0,0.0,0.0,0.0,12.256264729558028,286.84643318147766,98938.8341197079,1.2015996224909937,339.521687234616
27.0,200.3924426628727,11.09769346978195,-0.07891999841211303,-4.6189022757855716,0.0,0.0,0.0,0.0,12.020785621108441,286.84744912269133,98940.67590480279,1.2016177348963568,339.5222884862435
27.05,199.67880351727814,12.433837658770848,-1.0354032844075665,-4.3642478195504815,0.0,0.0,0.0,0.0,13.218132920971904,286.8520877771377,98949.08560695336,1.2017004364196915,339.5250337088538
27.1,199.12321344012094,14.491727067599554,-2.0410496691580615,-4.984926295311824,0.0,0.0,0.0,0.0,15.460450424339488,286.8556991126392,98955.63322006792,1.2017648251200634,339.5271709339273
27.15,198.62273158461988,16.56170911740124,-2.055311058965087,-4.998569128810235,0.0,0.0,0.0,0.0,17.421257296016563,286.85895224469994,98961.53168472766,1.2018228294527518,339.52909615904434
27.2,198.40232135648375,17.13122657569075,-0.2582399998981122,-2.6777082299471253,0.0,0.0,0.0,0.0,17.341157206193795,286.86038491118285,98964.12943551259,1.2018483750105868,339.52994401710293
27.25,197.6209067671204,13.939195738476293,-0.047819439730322405,-2.973865971425919,0.0,0.0,0.0,0.0,14.252976648769787,286.8654641060137,98973.33961799517,1.2019389443524104,339.5329498889375
27.3,197.22704020796178,10.843833227065701,0.19541641133350673,-4.325337511223292,0.0,0.0,0.0,0.0,11.67627728414446,286.8680242386482,98977.98220914767,1.2019845971749434,339.5344649675281
27.35,197.2510103719875,9.170464188891268,0.2961444696062394,-5.415992445103153,0.0,0.0,0.0,0.0,10.654486808477918,286.86786843258204,98977.69966255005,1.2019818187705569,339.53437276217227
27.4,196.70136447307053,10.024598625950006,0.4909340507954251,-4.338809083533785,0.0,0.0,0.0,0.0,10.934297330738012,286.871441130925,98984.17873857176,1.2020455299820285,339.53648706329756
27.45,195.77460970259648,9.861879862531284,-1.1966003070361833,-4.286807089381146,0.0,0.0,0.0,0.0,10.819669206559302,286.8774650369331,98995.10384885872,1.2021529589375146,339.54005194438
27.5,195.9154928355858,11.989248330788321,-0.6053890823781752,-2.963051448216458,0.0,0.0,0.0,0.0,12.364798638196696,286.87654929656867,98993.44297573925,1.202136627360879,339.5395100217529
27.55,195.7476132953218,14.88367699666722,-2.0104727077829065,-3.504043710480647,0.0,0.0,0.0,0.0,15.422197112435693,286.8776405135804,98995.42211243758,1.2021560884578144,339.54015578896195
27.6,195.4447566256371,20.653781086151227,-3.704133786647499,-4.454419637945796,0.0,0.0,0.0,0.0,21.450900553938496,286.8796090819333,98998.9925794085,1.202191197115709,339.54132075751335
27.65,195.53029578933473,19.204615096650937,-0.5721147540868132,-5.259476359513841,0.0,0.0,0.0,0.0,19.92000622185249,286.8790530773693,98997.9841223085,1.2021812809091041,339.54099172294707
27.7,195.50615828990843,11.437659444097106,1.8682050509489312,-5.192137669089549,0.0,0.0,0.0,0.0,12.699154981584934,286.8792099711156,98998.26868857688,1.2021840790646956,339.5410845701772
27.75,195.95311933383826,8.199647453264234,0.6929730488862231,-5.5567052891388755,0.0,0.0,0.0,0.0,9.92932040346414,286.87630472433005,98992.99940027123,1.202132265618061,339.5393652870997
27.8,195.76231785952933,7.946968220973924,-1.5413401433205514,-6.264385629414745,0.0,0.0,0.0,0.0,10.235846846089425,286.87754493391304,98995.24875862956,1.20215438385125,339.5400992262794
27.85,194.75738311002766,8.431467792740511,-0.33369527749103167,-4.170788472822703,0.0,0.0,0.0,0.0,9.412570220894562,286.8840770097848,99007.09661625818,1.2022708837975493,339.5439647938426
27.9,194.61685348188323,10.489652407697417,-0.9366845203364682,-4.81109693211813,0.0,0.0,0.0,0.0,11.578291722667323,286.88499045236773,99008.75350689921,1.202287175786528,339.54450534958306
27.95,194.59264480565406,15.287767765828574,-2.915989317553006,-4.7972227133519905,0.0,0.0,0.0,0.0,16.285950470374477,286.88514780876324,99009.0389374394,1.202289982382462,339.544598469638
28.0,194.3902019987362,15.392264523527718,-4.237722432530219,-4.257437580133762,0.0,0.0,0.0,0.0,16.522889375837238,286.8864636870082,99011.42584990905,1.2023134524765422,339.5453771764504
28.05,194.65827650748633,11.50903067750068,-2.605547011877936,-1.2357497276255618,0.0,0.0,0.0,0.0,11.864810986951476,286.8847212027013,99008.2651134387,1.2022823734828965,339.5443460134914
28.1,194.439267513036,10.466478395642062,-0.03719788461614132,-0.380189750604639,0.0,0.0,0.0,0.0,10.473447280409959,286.88614476116527,99010.84733612668,1.2023077640612865,339.54518844355533
28.15,194.33233994709022,9.844369975561234,0.5445319955387653,-1.567637341671422,0.0,0.0,0.0,0.0,9.983267107760843,286.8868397903439,99012.10808400794,1.202320160745686,339.545599745521
28.2,194.24797150589794,9.805377343671534,0.4598193327195863,-2.3453936761693988,0.0,0.0,0.0,0.0,10.092459074316087,286.88738818521165,99013.10285381842,1.2023299420991582,339.54592427238913
28.25,194.70207090296918,9.699128053243788,-1.3249539098353007,-2.896335040817215,0.0,0.0,0.0,0.0,10.208689657594364,286.88443653913066,99007.74876273345,1.202277296274741,339.54417755570546
28.3,194.9086188324944,10.914892993387088,-3.6313275553639373,-3.2014804214733568,0.0,0.0,0.0,0.0,11.940305932450524,286.88309397758877,99005.31352231903,1.202253350810094,339.5433830554994
28.35,194.72647558423924,9.647526545218838,-4.435355898484429,-2.926339437316268,0.0,0.0,0.0,0.0,11.01410971841643,286.8842779087024,99007.46102424982,1.2022744669781222,339.5440836815895
28.4,194.12116589145265,7.771107117719875,-4.173828576153574,-2.6071489696681907,0.0,0.0,0.0,0.0,9.198270303064298,286.88821242170553,99014.59800626618,1.202344643570239,339.54641203510135
28.45,192.53893616794582,7.853064760040103,-4.166282427417642,-3.3696837950928846,0.0,0.0,0.0,0.0,9.507013425324713,286.8984969149083,99033.25545758884,1.2025280942083167,339.5524980841611
28.5,191.60642076666764,8.810058780666962,-4.301506740489916,-3.567086408909774,0.0,0.0,0.0,0.0,10.432842441344356,286.90455826501665,99044.25289363907,1.2026362241535253,339.55608495499274
28.55,191.18355780960357,10.544291838662415,-4.5716386007184235,-3.627377727021732,0.0,0.0,0.0,0.0,12.051549238540034,286.9073068742376,99049.24017020837,1.20268525973419,339.55771146235196
28.6,190.4655929341177,10.780799393629485,-4.614829029147314,-5.19691215417349,0.0,0.0,0.0,0.0,12.826931763759358,286.9119736459282,99057.70836606664,1.20276851911016,339.56047303696755
28.65,190.8309309851846,9.707174761302474,-4.205077596246308,-6.087979157806554,0.0,0.0,0.0,0.0,12.205548314713575,286.9095989485963,99053.39923219358,1.2027261518373467,339.55906780628374
28.7,190.57239963002542,8.763743920440248,-3.9179218728328347,-6.965626624811978,0.0,0.0,0.0,0.0,11.860576443873411,286.91127940240483,99056.44857370129,1.20275613290632,339.5600622179299
28.75,190.5063358573009,9.369493873551663,-3.4632982244168256,-5.586152660059792,0.0,0.0,0.0,0.0,11.444953105157923,286.9117088169275,99057.2277989392,1.202763794206193,339.56031632429995
28.8,190.14014626011434,10.448894884110228,-2.966259445257924,-3.9670113163199883,0.0,0.0,0.0,0.0,11.563532253579682,286.9140890493092,99061.54711208893,1.202806261248643,339.5617248251721
28.85,189.98838689813664,9.007506056599826,-3.2415203372537573,-5.586807104652133,0.0,0.0,0.0,0.0,11.083998966126973,286.9150754851621,99063.33720274302,1.2028238611325026,339.5623085461961
28.9,189.8092496427667,9.082123397855897,-2.4328655260237477,-6.048934100496038,0.0,0.0,0.0,0.0,11.180044894084288,286.91623987732197,99065.45026540918,1.202844636347452,339.562997571142
28.95,189.49615659241056,8.219550510434065,-2.7856228197140402,-5.039006060047424,0.0,0.0,0.0,0.0,10.035551163761916,286.9182749821493,99069.14352806286,1.202880947574239,339.5642018338746
29.0,188.62046951103432,7.58460361507233,-3.1284026981148663,-4.933156117094096,0.0,0.0,0.0,0.0,9.573355979747307,286.92396694817825,99079.47377250777,1.2029825105641967,339.5675700025908
29.05,188.41500804931246,7.893156280120066,-3.039468147397043,-4.911108138485707,0.0,0.0,0.0,0.0,9.78055549697156,286.9253024476794,99081.89767231463,1.2030063411229341,339.5683602673384
29.1,188.31273449581786,8.097298242550597,-2.3969646967729448,-5.220376939814352,0.0,0.0,0.0,0.0,9.927941074570006,286.9259672257772,99083.10424663825,1.2030182035109684,339.5687536405891
29.15,188.3373498982569,8.186362160494802,-2.5317346042500315,-5.056655858022263,0.0,0.0,0.0,0.0,9.949672054676428,286.9258072256613,99082.81384484102,1.2030153484396253,339.56865896277367
29.2,187.72887712356385,9.797686115680698,-2.2847123953603683,-3.7888129766776366,0.0,0.0,0.0,0.0,10.750333377303072,286.9297622986968,99089.99254367451,1.2030859250061918,339.5709993138067
29.25,186.71774826201613,9.283285876901019,-3.6001725213944535,-4.6504115253379394,0.0,0.0,0.0,0.0,10.989402450136657,286.93633463629686,99101.92266876108,1.2032032125315153,339.57488835349506
29.3,185.91087596461557,10.76203575826563,-2.366204529396752,-3.875181015218132,0.0,0.0,0.0,0.0,11.680640626174268,286.94157930623,99111.44364223903,1.2032968132620612,339.57799174238994
29.35,185.84989520861222,11.395212361518526,-2.5655198102224963,-4.382902745974312,0.0,0.0,0.0,0.0,12.475680067291636,286.941975681144,99112.16323622153,1.2033038875240105,339.57822628516885
29.4,184.76893068097806,10.945133445708088,-2.986152723523116,-4.415318980815284,0.0,0.0,0.0,0.0,12.17407474656329,286.94900195057363,99124.91969317102,1.2034292934515198,339.5823838391459
29.45,184.88482190551855,11.201856585066876,-2.1547444156345517,-3.2192390749747872,0.0,0.0,0.0,0.0,11.852764009755655,286.9482486576141,99123.55199779071,1.203415848085486,339.5819381063065
29.5,184.17463918035475,10.126462128287109,-2.8316250699195034,-5.26814763490156,0.0,0.0,0.0,0.0,11.760812696210607,286.95286484532767,99131.93349053526,1.2034982432452195,339.5846695529582
29.55,183.30908859869112,9.725132301990252,-1.8911052216189943,-3.8995551814037417,0.0,0.0,0.0,0.0,10.647112653825994,286.9584909241085,99142.14939230244,1.2035986699665076,339.5879985330334
29.6,183.21082982205152,9.844843664486447,-0.43908966717910347,-2.8025996506672506,0.0,0.0,0.0,0.0,10.245404399823492,286.95912960615664,99143.30917275399,1.2036100709841988,339.58837644246034
29.65,182.91391024863248,8.980403789044683,-1.9857333437178448,-4.471163656303732,0.0,0.0,0.0,0.0,10.226538689512317,286.96105958338387,99146.81387826958,1.2036445232209982,339.58951841123496
29.7,182.69702450623402,9.11435132515924,-2.215549049147101,-3.879777059639262,0.0,0.0,0.0,0.0,10.150503815087784,286.96246934070945,99149.37396373028,1.2036696894316472,339.59035256312995
29.75,182.361865010313,9.296306269971891,-1.1069787611646846,-3.6873877877783356,0.0,0.0,0.0,0.0,10.061984940370623,286.9646478774329,99153.33023939321,1.203708580260001,339.59164159693916
29.8,182.20229165801751,7.4584822294049555,-1.2849863358803337,-4.636101237083666,0.0,0.0,0.0,0.0,8.875448255172094,286.96568510422287,99155.21391338293,1.2037270969756155,339.59225531927854
29.85,182.3043242006417,8.25110909692129,-0.23485920532666502,-4.015780226132378,0.0,0.0,0.0,0.0,9.179458099486034,286.9650218926958,99154.00947306173,1.2037152572069028,339.5918629001844
29.9,182.1215516704168,8.843129735403371,0.0695237761084958,-3.7842856963725455,0.0,0.0,0.0,0.0,9.619074555506343,286.96620991414227,99156.16701472497,1.2037364660376537,339.59256584648074
29.95,182.23311737414332,8.533805830075131,-1.4909236376069332,-4.051675782687481,0.0,0.0,0.0,0.0,9.563721654597419,286.96548473706804,99154.85003082245,1.203723519976569,339.59213676303744
30.0,181.9755345024735,7.58588608287395,-2.312208390323904,-4.697083119233893,0.0,0.0,0.0,0.0,9.217080076228964,286.9671590257339,99157.89070436078,1.2037534100004283,339.59312742997565
30.05,181.587695962177,9.222540595786237,0.07890270651598186,-3.451021790351456,0.0,0.0,0.0,0.0,9.84738706843096,286.9696799762458,99162.46914184127,1.203798416017513,339.5946190563889
30.1,181.4130412735624,7.6047343145871915,-0.4537572670604364,-4.910767023923619,0.0,0.0,0.0,0.0,9.06385747991029,286.9708152317218,99164.53099792216,1.203818683923159,339.5952907759059
30.15,181.2495866418069,5.930822178798089,-2.2782113686747913,-6.032602375715058,0.0,0.0,0.0,0.0,8.761118089625624,286.97187768682824,99166.46066509238,1.2038376523481318,339.5959194189554
30.2,180.699268923449,8.461126104360574,-1.566056840710328,-3.6630814971806127,0.0,0.0,0.0,0.0,9.352077578656761,286.9754547519976,99172.95767626497,1.2039015167671745,339.59803592068266
30.25,180.22338002006612,8.067511396526282,-2.2739808231058203,-4.773795477360328,0.0,0.0,0.0,0.0,9.645975957703833,286.97854802986956,99178.5762641296,1.2039567458055866,339.59986616128646
30.3,179.82650755023275,9.315680444900702,-1.2385517756250366,-4.5549363135161745,0.0,0.0,0.0,0.0,10.443340340743358,286.9811277009235,99183.26214066263,1.2040028061152876,339.60139250181254
30.35,179.63012377263814,8.055513385060374,-0.8862582940185768,-4.273215049402341,0.0,0.0,0.0,0.0,9.161720172491748,286.98240419547784,99185.58091184929,1.204025598564187,339.6021477759478
30.4,179.4913972271796,8.016599988327512,-0.7275415074394069,-2.2989748701613277,0.0,0.0,0.0,0.0,8.371408332624394,286.9833059180233,99187.21893060992,1.2040416994703167,339.6026813046034
30.45,178.9459453827701,9.292782627618214,-2.257167069542414,-3.9818770090635005,0.0,0.0,0.0,0.0,10.358858849279589,286.986851355012,99193.65958559775,1.2041050074008386,339.60477905064687
30.5,179.12447554662882,11.355803856398635,-2.0401504029284663,-5.609366141881723,0.0,0.0,0.0,0.0,12.828931498969675,286.9856909089469,99191.5514773629,1.2040842859966703,339.60409244527443
30.55,178.43204841972437,8.631652709514722,-1.4270478272671534,-3.2480082142340194,0.0,0.0,0.0,0.0,9.332280072882103,286.9901916852718,99199.72795270752,1.2041646552402732,339.6067554283339
30.6,178.2268323160392,9.92903898979977,-0.5261394905379775,-1.6127112437521172,0.0,0.0,0.0,0.0,10.072908000185055,286.9915255899457,99202.1513369757,1.2041884752326968,339.6075446582886
30.65,178.09668514646972,7.5419799048101765,-2.493621556775844,-4.8074430826733465,0.0,0.0,0.0,0.0,9.28499425665528,286.99237154654793,99203.6882616881,1.2042035819561543,339.6080451835781
30.7,177.74343468745127,7.709826204959937,-1.9705627777589396,-4.993531433567779,0.0,0.0,0.0,0.0,9.394673701082196,286.99466767453157,99207.85993911141,1.2042445859374784,339.6094037248733
30.75,176.94494757631378,8.085170997756114,-3.4903764535566753,-3.8347761105541407,0.0,0.0,0.0,0.0,9.60511455780597,286.9998578407539,99217.29011952362,1.204337275246611,339.6124745507205
30.8,176.81464924701234,9.43579731457348,-3.3503569742751704,-2.4411561535922415,0.0,0.0,0.0,0.0,10.306231424871442,287.0007047798944,99218.82901944811,1.2043524009456303,339.6129756500717
30.85,176.54930195129938,8.865316953200825,-3.9292950339452766,-4.003299078195016,0.0,0.0,0.0,0.0,10.490929780242267,287.0024295373165,99221.96298687336,1.2043832042713534,339.61399611641656
30.9,176.36220794491513,7.98051927065191,-2.936258497809244,-3.671006642192655,0.0,0.0,0.0,0.0,9.26210513664286,287.00364564835803,99224.17276747538,1.204404923783295,339.6147156362716
30.95,175.25443476193547,8.977837937793272,-2.2182031978802246,-3.0753053532757733,0.0,0.0,0.0,0.0,9.745742787507417,287.0108461740474,99237.2575717699,1.204533529942536,339.6189758419933
31.0,175.39853525313478,9.574880091802699,-2.9774053705063213,-2.3219815780304613,0.0,0.0,0.0,0.0,10.292466660690836,287.0099095208546,99235.5554053658,1.2045168001015745,339.6184216722436
31.05,175.0091465594284,9.193189725085764,-2.58795160053247,-1.9684914673574114,0.0,0.0,0.0,0.0,9.75126604422113,287.01244054736367,99240.15505788708,1.2045620079268708,339.61991914899374
31.1,174.9771825631766,8.496408783947665,-2.0103271228028854,-2.491192549195764,0.0,0.0,0.0,0.0,9.079450296234263,287.01264831333935,99240.53264014317,1.2045657189879013,339.62004207302266
31.15,175.5449370841466,9.560834451815882,-1.731099489976499,-2.05227416431016,0.0,0.0,0.0,0.0,9.930664132107246,287.00895790895305,99233.82607892592,1.2044998032607181,339.6178586512655
31.2,175.24888091358577,10.647899716236509,-2.365918652230391,-2.071468774646589,0.0,0.0,0.0,0.0,11.102536751586866,287.01088227406166,99237.32317628083,1.2045341747391738,339.6189972005058
31.25,175.04917397270978,10.00169258090836,-2.6371865693650474,-2.5661217068717455,0.0,0.0,0.0,0.0,10.657090977331247,287.0121803691774,99239.68222625327,1.2045573607051,339.6197652153969
31.3,175.06230033695894,10.409710155320646,-1.4338916106252115,-2.3293125791905003,0.0,0.0,0.0,0.0,10.763076129080488,287.01209504780974,99239.52716891014,1.2045558367243787,339.6197147352658
31.35,174.56436425281146,10.853991619775652,-1.7340020127658187,-1.8276133572443236,0.0,0.0,0.0,0.0,11.142534166248442,287.0153316323567,99245.40925847625,1.204613648510057,339.6216296455442
31.4,173.88067151089635,9.784938545024463,-1.8056591239505573,-2.710023920821437,0.0,0.0,0.0,0.0,10.312596998488583,287.01977563517914,99253.48614039767,1.2046930306265113,339.6242589016713
31.45,173.7189936571044,7.8005725314832,-0.4535956240756729,-2.2668088665612114,0.0,0.0,0.0,0.0,8.135914407528594,287.0208265412288,99255.39621791484,1.2047118032848187,339.6248806582398
31.5,173.14999097805995,9.41069587966657,-1.2761537609255396,-2.177270497506765,0.0,0.0,0.0,0.0,9.743216726544222,287.0245250586426,99262.11870630487,1.2047778728198302,339.62706883479814
31.55,172.97034852535396,11.269621798631295,-3.149496862633134,-2.7961766926358895,0.0,0.0,0.0,0.0,12.030889828618738,287.02569273458516,99264.24117060343,1.2047987325123177,339.6277596711549
31.6,172.5927888093563,10.867848275387923,-2.1845751085592346,-3.108980120607707,0.0,0.0,0.0,0.0,11.512960172437094,287.02814687273917,99268.70213472268,1.2048425748293305,339.62921161723955
31.65,171.92633863605556,8.188721917429353,-1.4871680904676645,-3.806102000421828,0.0,0.0,0.0,0.0,9.151680064769973,287.0324787988656,99276.57680927521,1.2049199661482644,339.6317745071861
31.7,171.82237587021902,7.983511951436606,-0.5100723560837458,-2.6219982943262403,0.0,0.0,0.0,0.0,8.41852195712654,287.03315455684356,99277.80526321432,1.2049320391349816,339.63217430296373
31.75,171.57192168588682,8.506574591284899,-1.84293296025771,-2.566857608737462,0.0,0.0,0.0,0.0,9.074523191696162,287.0347825090417,99280.76475242739,1.2049611242552607,339.63313743936794
31.8,171.0332080737767,9.18616556004694,-2.509738566031883,-1.986180122572287,0.0,0.0,0.0,0.0,9.727761142509696,287.0382841475204,99287.13069819665,1.2050236866201212,339.6352090852243
31.85,170.33987340394125,9.149702274928627,-2.1254076430153783,-2.070495709623806,0.0,0.0,0.0,0.0,9.61880251655022,287.04279082287434,99295.32427797497,1.20510420923143,339.63787531426544
31.9,170.46593070643723,8.18188966775527,-1.6187586855679594,-2.04900593438002,0.0,0.0,0.0,0.0,8.588487849240208,287.04197145040814,99293.83453738698,1.205089568862374,339.637390560544
31.95,169.7772536380963,9.205704083905298,-1.9424195093789856,-2.4533583703549047,0.0,0.0,0.0,0.0,9.72301128890825,287.04644785135235,99301.97351843385,1.2051695538800125,339.64003886176755
32.0,170.1362881886163,10.791420839114862,-1.3072590933739385,-1.7191274542891362,0.0,0.0,0.0,0.0,11.005411817291618,287.044114126774,99297.73027881783,1.205127854025096,339.63865820033897
32.05,170.23574728053404,9.660730442980123,-1.3923027394532101,-1.2721301029512586,0.0,0.0,0.0,0.0,9.843095783799251,287.0434676426765,99296.5548503404,1.2051163026031029,339.63827573105243
32.1,170.29485247349234,9.333219729489345,-1.8667136519485792,-0.7343782981636702,0.0,0.0,0.0,0.0,9.546356470513457,287.0430834589223,99295.85633806982,1.2051094380216794,339.6380484422161
32.15,169.7370742686834,9.081355864966936,-3.3140303442783754,-1.218554947724327,0.0,0.0,0.0,0.0,9.743649092079961,287.04670901725353,99302.44838630244,1.2051742205577194,339.6401933705192
32.2,169.6827479147886,10.259018326485663,-2.8431994548277495,-0.9640650788036951,0.0,0.0,0.0,0.0,10.689277882030678,287.0470621385538,99303.09045604462,1.205180530374711,339.6404022810311
32.25,169.59735947043734,5.932331544892349,-2.352503631388057,-1.2563059981309523,0.0,0.0,0.0,0.0,6.504239821467121,287.0476171634421,99304.09964774686,1.205190447996519,339.64073063970477
32.3,169.3440520403729,6.298858377775632,-1.8383274043677096,-0.5214746146863192,0.0,0.0,0.0,0.0,6.582324838739413,287.04926366173754,99307.0934946382,1.2052198692920892,339.6417047238788
32.35,168.76481916652023,8.256968199363367,-1.685924532883972,-1.1598069423559865,0.0,0.0,0.0,0.0,8.506763045919119,287.0530286754176,99313.93973719701,1.2052871484264358,339.6439321315634
32.4,168.49801808405442,11.51802048623566,-3.4721568276436976,-1.721262196621017,0.0,0.0,0.0,0.0,12.152506428988781,287.05476288245364,99317.09332096796,1.205318138908012,339.64495809531996
32.45,168.06835028453546,12.979548577898179,-3.6497245558361215,-1.6220785327895528,0.0,0.0,0.0,0.0,13.580143938339848,287.0575557231505,99322.17215670772,1.2053680485776894,339.6466103444321
32.5,167.5147115911368,7.458578452439866,-3.9995367350494595,-1.8397511685097356,0.0,0.0,0.0,0.0,8.66091051727492,287.0611543746576,99328.71668533009,1.2054323608811652,339.6487393006835
32.55,166.80989579425855,9.251258365500163,-3.07027039158895,-1.9454670541449939,0.0,0.0,0.0,0.0,9.939677242318693,287.0657356773373,99337.0487743285,1.2055142381610238,339.6514495724279
32.6,166.2034741537983,11.705172774017498,-3.282222251677923,-3.5924078488402555,0.0,0.0,0.0,0.0,12.676334120376413,287.0696774180003,99344.21813452664,1.2055846885603583,339.65378146573283
32.65,166.09002706499766,11.603222997742721,-2.1737416801293197,-2.647569569062146,0.0,0.0,0.0,0.0,12.098328870149832,287.0704148240775,99345.55939809672,1.2055978685068833,339.6542177058192
32.7,165.87446752747962,11.499338924380133,-2.5358440244699976,-3.1780246838903863,0.0,0.0,0.0,0.0,12.196931643065842,287.07181596107137,99348.10795832184,1.2056229118787587,339.65504659915734
32.75,165.2995133290831,11.558852477518128,-3.3268920277333915,-2.713771251058805,0.0,0.0,0.0,0.0,12.330443445565784,287.07555316336095,99354.90590023117,1.205689711109926,339.6572574666407
32.8,165.1788255188876,11.130671135062546,-2.688996549403735,-1.7839658289575948,0.0,0.0,0.0,0.0,11.589006706293171,287.0763376341272,99356.33289428402,1.2057037332001685,339.6577215448321
32.85,164.80248570100605,10.35943493923184,-2.2464602693679985,-2.97832498691357,0.0,0.0,0.0,0.0,11.010671901827791,287.07878384294344,99360.78278480687,1.2057474589713153,339.659168672014
32.9,164.59049970507846,11.733161846081693,0.44941004643680293,-1.853420343279978,0.0,0.0,0.0,0.0,11.887145295026453,287.080161751917,99363.28940560325,1.2057720895092419,339.6599838121101
32.95,164.62132278998163,11.409390592070656,-0.9952847567034241,-3.971929876049841,0.0,0.0,0.0,0.0,12.121922800018728,287.0799614018651,99362.92493596136,1.2057685081678042,339.65986528962696
33.0,164.6493848016187,12.769017922082735,-1.8327335009685972,-2.9980424697733743,0.0,0.0,0.0,0.0,13.243677337907608,287.07977899878944,99362.59311575754,1.2057652476431915,339.65975738412624
33.05,164.260650698093,13.615028809072916,-2.586756682640246,-1.5171435135116238,0.0,0.0,0.0,0.0,13.941378843129536,287.08230577046237,99367.189795164,1.2058104152519524,339.66125216158486
33.1,164.0042648975641,10.891087061116718,-0.08959214046685454,-3.1142798249372277,0.0,0.0,0.0,0.0,11.327954049715618,287.0839722781658,99370.22158463235,1.2058402058177822,339.6622380239324
33.15,163.70595947507317,8.138803970529912,1.4291416741681253,-3.6000800731837326,0.0,0.0,0.0,0.0,9.013498351300239,287.085911263412,99373.74917238089,1.2058748679129692,339.6633850732625
33.2,163.16899698204085,6.295311164567601,-0.49135580772648635,-3.905314530815753,0.0,0.0,0.0,0.0,7.424544078468165,287.08940151961673,99380.09923643734,1.2059372630847367,339.6654498012543
33.25,162.7866726243371,10.08612763511329,-0.16750593911827644,-1.8503388908050604,0.0,0.0,0.0,0.0,10.255817028509313,287.0918866279418,99384.62076582489,1.2059816907730745,339.66691990709216
33.3,161.79617776028937,11.291709436535436,1.095148501574173,-1.764035979827063,0.0,0.0,0.0,0.0,11.481022392529683,287.0983248445581,99396.33555137628,1.2060967962403657,339.6707285081871
33.35,160.901111802356,10.443354651306526,0.8910582499180549,-3.9455003633950136,0.0,0.0,0.0,0.0,11.199313117118518,287.10414277328465,99406.92264142855,1.2062008191378526,339.6741701341153
33.4,160.75326256594866,9.691757592672342,0.4579280937546646,-5.48926716829259,0.0,0.0,0.0,0.0,11.14773149206002,287.1051037933213,99408.67153134586,1.2062180025610556,339.67473862714905
33.45,160.46712971948187,10.105451805240259,-0.30318314557060444,-6.716215884256612,0.0,0.0,0.0,0.0,12.137529897459883,287.1069636568233,99412.05623136224,1.206251258197387,339.67583882985787
33.5,160.12221454519027,9.802842065680808,0.1676596446602393,-3.6381606305789536,0.0,0.0,0.0,0.0,10.457534847899069,287.1092056054562,99416.13639867945,1.2062913467105638,339.67716505038237
33.55,159.58499657389586,8.56680102545334,0.1170904189353375,-3.7733413312799153,0.0,0.0,0.0,0.0,9.361724989458947,287.1126975222696,99422.49167825643,1.2063537880628954,339.6792306769351
33.6,158.7186649061044,7.840867884994472,0.35193825754507413,-3.9431476308603877,0.0,0.0,0.0,0.0,8.783591689384329,287.1183286781103,99432.74106034033,1.2064544878200578,339.68256173355763
33.65,158.94437240327775,8.231944322183711,1.522741483295702,-3.760036673351297,0.0,0.0,0.0,0.0,9.177228597644767,287.1168615793787,99430.07068147832,1.2064282516478877,339.681693888418
33.7,159.15261059198687,6.794384226958595,-0.44817988294246325,-5.334614371027817,0.0,0.0,0.0,0.0,8.650007671591661,287.11550803115205,99427.60703609824,1.2064040464900447,339.68089321078844
33.75,158.85327792761905,9.027809121822148,1.4045419334788036,-3.307431772194785,0.0,0.0,0.0,0.0,9.716644508814712,287.11745369347045,99431.14842673617,1.2064388403900426,339.6820441468683
33.8,158.90597219448264,9.596844417499003,0.41592539741973544,-4.055043797369956,0.0,0.0,0.0,0.0,10.426686765626417,287.11711118073583,99430.52499594212,1.2064327152458936,339.6818415373455
33.85,158.66019025644076,8.933203243630349,0.9594283021211919,-4.058841721379006,0.0,0.0,0.0,0.0,9.858844708084504,287.11870876333313,99433.4328920612,1.206461284967089,339.6827865681755
33.9,158.31916880407047,8.41205388977447,0.5352508895894269,-4.722833932881893,0.0,0.0,0.0,0.0,9.662003131693588,287.12092540277354,99437.46770031095,1.2065009261978556,339.68409779030367
33.95,158.12359648478494,8.255070344896232,-0.7090064493756345,-5.400153999458319,0.0,0.0,0.0,0.0,9.889921120125637,287.1221966228489,99439.7816814407,1.2065236604883423,339.68484976051593
34.0,157.7287552348252,9.17721013502276,-1.4409530964946122,-4.735810582087743,0.0,0.0,0.0,0.0,10.42714887004478,287.1247630909736,99444.45351430523,1.2065695597803776,339.68636790923705
34.05,158.03678868025506,11.101764607984498,-2.0783728523145713,-3.9455513672396467,0.0,0.0,0.0,0.0,11.963953640660016,287.12276087357833,99440.8087917949,1.2065337515604853,339.68518353361384
34.1,158.242019523482,9.51475338224106,-2.307162271623909,-5.1270019582056925,0.0,0.0,0.0,0.0,11.051682168426556,287.12142687309733,99438.38051333916,1.2065098943714045,339.6843944273738
34.15,158.31693807411548,10.059985526625159,0.7147427872419655,-5.066660453906665,0.0,0.0,0.0,0.0,11.286505845610668,287.1209399025182,99437.49409371342,1.206501185507054,339.6841063674087
34.2,157.9866395559115,9.784450636237132,-0.619817948200794,-5.890323201386741,0.0,0.0,0.0,0.0,11.437462828733826,287.12308684288655,99441.40216038642,1.2065395812320077,339.68537635516606
34.25,157.59937220518617,11.787544776686033,-1.2037608135238722,-3.6192515362910633,0.0,0.0,0.0,0.0,12.389278979888179,287.1256040806663,99445.98443630236,1.2065846005194012,339.6868653803049
34.3,156.89540511673493,9.751899078095649,-2.4751525280057725,-4.485358255519352,0.0,0.0,0.0,0.0,11.01564134976315,287.1301798667412,99454.31444658297,1.2066664389991564,339.6895720846421
34.35,156.43857656025216,10.843320041317703,-2.155300964713535,-6.123054451373229,0.0,0.0,0.0,0.0,12.63782843614435,287.13314925235835,99459.7203802291,1.2067195490870866,339.6913285470285
34.4,156.03642047413229,12.822957440369583,-1.5851053027072342,-4.176514138344026,0.0,0.0,0.0,0.0,13.57880947233548,287.1357632669181,99464.4795377885,1.2067663045294426,339.6928747914451
34.45,155.75908800406737,12.39076944275757,-1.406496408626506,-4.0519598315544245,0.0,0.0,0.0,0.0,13.112123321856934,287.1375659279735,99467.76162693163,1.2067985485448203,339.6939410991528
34.5,155.4834336187197,11.84704990338699,-1.2559150996843833,-4.690954614327915,0.0,0.0,0.0,0.0,12.803709202595993,287.1393576814783,99471.02394369387,1.2068305981110792,339.6950009515237
34.55,154.91208977321892,9.927432258266482,0.06043991358584022,-4.457312988554385,0.0,0.0,0.0,0.0,10.882334460195562,287.1430714164741,99477.78596437421,1.2068970287393694,339.6971976777825
34.6,154.26466813552,7.965157003437984,-2.0665899508609757,-6.756591085999838,0.0,0.0,0.0,0.0,10.647349116931839,287.1472796571191,99485.44883772635,1.206972308377414,339.69968689388935
34.65,154.3267741631911,10.253187987269555,-1.047522373050406,-3.5218179138365366,0.0,0.0,0.0,0.0,10.891665090451038,287.14687596793925,99484.71373093517,1.2069650867773667,339.69944810852394
34.7,154.45130604801957,11.18636648753065,-1.1058237522771013,-1.5275906753712007,0.0,0.0,0.0,0.0,11.344213266504207,287.14606651068783,99483.23974500022,1.2069506064875484,339.69896930760643
34.75,154.05031830754473,9.417294527725153,-1.4742291875252573,-2.4318167329849834,0.0,0.0,0.0,0.0,9.837302503333891,287.14867293100093,99487.98598457818,1.2069972329226846,339.700511025199
34.8,153.7703902099547,8.33171590073143,-0.051799950450537174,-2.8032808038992068,0.0,0.0,0.0,0.0,8.79082227956392,287.15049246363526,99491.29942601215,1.207029783485909,339.7015872885511
34.85,153.86032495991716,7.431884384588768,0.42526368566760697,-2.872215074937657,0.0,0.0,0.0,0.0,7.978933145787168,287.1499078877605,99490.23488030687,1.2070193256316017,339.7012415091448
34.9,153.34970702692272,7.611008199279232,-0.17093019427951972,-3.0105644235200844,0.0,0.0,0.0,0.0,8.186584213759543,287.153226904325,99496.27911952429,1.2070787025769556,339.70320471853233
34.95,153.4590713275669,9.848484159407295,-0.45575410583371456,-1.9436776670842173,0.0,0.0,0.0,0.0,10.048792709405577,287.1525160363708,99494.98453755118,1.2070659850171073,339.702784238717
35.0,153.44208461876022,10.098914848969306,-2.105998017015736,-3.1392630383685622,0.0,0.0,0.0,0.0,10.783240755843021,287.152626449978,99495.18561403608,1.2070679603303416,339.70284954862046
35.05,152.87431604165874,9.114188728823809,-2.0263137934957536,-3.8474110213876376,0.0,0.0,0.0,0.0,10.098363993332047,287.1563169457292,99501.9066408558,1.2071339851833585,339.7050324781489
35.1,152.69611785011895,10.650022764834247,-1.4651042040973872,-4.11645198606903,0.0,0.0,0.0,0.0,11.511502602786623,287.1574752339742,99504.01615855057,1.2071547081210232,339.705717603159
35.15,152.5177785085948,12.826128426389133,-1.568243108018654,-2.5704977481134854,0.0,0.0,0.0,0.0,13.174840246816348,287.1586344396941,99506.12738344201,1.2071754477457186,339.7064032694701
35.2,152.37205310584125,10.963739988726372,-3.10814225621049,-3.5905766207701184,0.0,0.0,0.0,0.0,11.948070274938123,287.15958165481203,99507.85254345114,1.2071923947986105,339.7069635430209
35.25,151.9257293203022,10.103100667392166,-1.5525502255194876,-3.03095161762737,0.0,0.0,0.0,0.0,10.661600396123399,287.162482759418,99513.13646711603,1.2072443009020029,339.70867952780856
35.3,151.29179381378142,7.988678366139875,-2.966177870897376,-3.5510866814184814,0.0,0.0,0.0,0.0,9.231869248336453,287.1666033402104,99520.64187290212,1.2073180286146863,339.7111168100484
35.35,150.75931556389685,8.870695459974963,-2.386764231117504,-2.327586361950887,0.0,0.0,0.0,0.0,9.476472957324477,287.17006444883464,99526.94644147741,1.2073799593480485,339.713164007598
35.4,150.88304228522532,8.189770633142226,-2.5916486643532353,-3.3146667642182726,0.0,0.0,0.0,0.0,9.207388423474702,287.169260225146,99525.48148219148,1.2073655688973546,339.7126883215866
35.45,150.45197147676652,8.184591448296624,-2.5494163214885477,-3.7285724317082716,0.0,0.0,0.0,0.0,9.348225132841922,287.172062185401,99530.58555773385,1.207415706599237,339.7143456353398
35.5,150.51701301734997,8.998192378735354,-3.1158025970238743,-2.739716426068512,0.0,0.0,0.0,0.0,9.90866984027732,287.1716394153872,99529.81542256621,1.2074081415373226,339.7140955742956
35.55,150.42706481826494,8.585581345550288,-3.2428014996520136,-2.705941471353312,0.0,0.0,0.0,0.0,9.568181010703977,287.17222407868127,99530.88047043968,1.20741860353305,339.71444139232534
35.6,150.55393977701567,9.112935240589469,-3.2659416230429863,-3.5548800967863055,0.0,0.0,0.0,0.0,10.312571739717958,287.17139939144937,99529.37818728061,1.2074038465564376,339.7139536042665
35.65,150.79461151610803,10.372681053876327,-2.101480327381141,-3.816092873506307,0.0,0.0,0.0,0.0,11.250390954586445,287.1698350251453,99526.52852566566,1.2073758541207416,339.71302830706264
35.7,150.80219632611744,8.252609466143094,-3.5769032762870827,-3.844536152877648,0.0,0.0,0.0,0.0,9.781628610787221,287.16978572388024,99526.43871917832,1.2073749719425304,339.7129991461259
35.75,150.06949884004752,9.560976373679795,-2.8855921145382366,-2.7305921246043923,0.0,0.0,0.0,0.0,10.353503968246693,287.17454825753964,99535.11438615153,1.2074601931975646,339.71581609965915
35.8,149.93418366014262,8.47127313286057,-3.7279383282588014,-5.38911800189119,0.0,0.0,0.0,0.0,10.709929295244393,287.17542780620903,99536.71668251662,1.2074759324330855,339.7163363344207
35.85,149.71558013196127,9.846942067572538,-2.638646944754645,-5.3318811092522225,0.0,0.0,0.0,0.0,11.504507027439006,287.17684872914225,99539.3052583862,1.2075013597154391,339.71717677912665
35.9,149.76916431265457,9.72778255070176,-3.191307818443254,-4.417679019172671,0.0,0.0,0.0,0.0,11.15034021284701,287.1765004319677,99538.67074063272,1.2074951269323344,339.71697076919025
35.95,149.3628673185687,8.468490618242337,-4.013673942225896,-4.162805210315548,0.0,0.0,0.0,0.0,10.254455572325227,287.1791413624293,99543.48199336139,1.2075423870363342,339.71853281697696
36.0,148.862711437881,8.031766610562164,-2.4909029438820856,-3.269965320660273,0.0,0.0,0.0,0.0,9.022557595310905,287.18239237565376,99549.40495474737,1.2076005666655047,339.7204557043982
36.05,148.79849752599503,8.953952585486979,-2.2132119341004004,-3.7781898505023377,0.0,0.0,0.0,0.0,9.967261033746045,287.182809766081,99550.16541138443,1.2076080363752812,339.7207025788905
36.1,148.3770426613464,8.658186758580559,-1.4130414650626173,-2.933289026101722,0.0,0.0,0.0,0.0,9.250138844314437,287.18554922270124,99555.15662959086,1.2076570631635297,339.72232288462726
36.15,148.17301581943303,8.279128334626684,-2.893914974630266,-4.241780033525518,0.0,0.0,0.0,0.0,9.742248596418767,287.18687539717365,99557.57295753386,1.2076807976417598,339.7231072739418
36.2,148.31755920086206,8.00697741484672,-3.32854483740441,-5.4310166659792944,0.0,0.0,0.0,0.0,10.231658716093978,287.1859358651944,99555.86109840363,1.2076639828480447,339.7225515713457
36.25,147.50794462926763,8.983181445949157,-1.58459438371789,-4.409590148541977,0.0,0.0,0.0,0.0,10.131780373156236,287.1911983599097,99565.4498493924,1.2077581679673133,339.7256641540302
36.3,147.73864307141787,6.6474084763475645,-1.9504272614115454,-4.959152008905909,0.0,0.0,0.0,0.0,8.519706250858084,287.18969882003574,99562.7174731833,1.2077313294881948,339.7247772312284
36.35,147.51444313762303,7.217149826207712,-2.415500567921091,-5.11367264075388,0.0,0.0,0.0,0.0,9.16905352173014,287.1911561196054,99565.372880683,1.2077574119521453,339.72563917047216
36.4,147.26494471218237,8.48478368427036,-3.48834857529787,-3.7896121915308836,0.0,0.0,0.0,0.0,9.925789163277784,287.1927778593708,99568.32798907226,1.2077864380413104,339.7265983674892
36.45,147.43670033249805,8.477212916888224,-2.6875415411033714,-3.0282741437325633,0.0,0.0,0.0,0.0,9.394491080575467,287.1916614478387,99566.29367413008,1.2077664563190942,339.7259380530768
36.5,147.0724222147007,9.76684206276979,-2.8411695945535564,-5.13001440529367,0.0,0.0,0.0,0.0,11.392124312112532,287.19402925560445,99570.60831191677,1.2078088360431463,339.72733851862694
36.55,146.44611244153023,9.284943720578156,-3.433088746209845,-6.1105370380110875,0.0,0.0,0.0,0.0,11.633354680682684,287.19810026913,99578.02689845033,1.2078817029073758,339.7297463501765
36.6,146.2937123516332,7.9619112839550255,-4.044452089339219,-5.00671614694385,0.0,0.0,0.0,0.0,10.238009111765773,287.1990908697144,99579.83213238597,1.2078994341256275,339.73033224575653
36.65,146.26344105093622,9.978012664059394,-3.0047970039529712,-3.1745944870185028,0.0,0.0,0.0,0.0,10.893465560422113,287.19928763316886,99580.19070999623,1.2079029561094543,339.7304486223476
36.7,145.97037107081022,10.351419459301825,-3.8795807357310066,-4.198723522125382,0.0,0.0,0.0,0.0,11.825071277701316,287.2011925880397,99583.66231403088,1.2079370544139072,339.73157531403456
36.75,146.25161420419712,10.065200461333589,-3.424764648592755,-1.8252160799806316,0.0,0.0,0.0,0.0,10.787431898450178,287.19936450767267,99580.33080477057,1.2079043321331664,339.7304940900926
36.8,146.40447047728316,7.772016448913418,-4.225013923611627,-3.418051616150805,0.0,0.0,0.0,0.0,9.483567851160448,287.1983709418976,99578.52015987862,1.2078865477847236,339.7299064410144
36.85,145.42995614938235,8.510079496307808,-2.5556280515366767,-2.4862489488048505,0.0,0.0,0.0,0.0,9.22681535562043,287.204705285029,99590.06413632387,1.2079999329059663,339.73365290017205
36.9,144.72988261045413,7.767051943156622,-3.094521961931737,-2.545454610088148,0.0,0.0,0.0,0.0,8.739708303632904,287.20925576303205,99598.35778989777,1.2080813917603677,339.7363442634445
36.95,143.89741523702872,8.359121198266145,-3.487067136909956,-2.138065758158853,0.0,0.0,0.0,0.0,9.306227463952899,287.21466680095926,99608.22061889022,1.20817826110885,339.7395445739302
37.0,144.29303829111836,9.723675678544122,-3.637519135294586,-1.282178874048732,0.0,0.0,0.0,0.0,10.460659483330945,287.2120952511077,99603.53329450777,1.2081322240321706,339.73802365729193
37.05,144.23386501435118,11.105283223425788,-3.324009572337213,-1.1560463567217765,0.0,0.0,0.0,0.0,11.649583610085871,287.2124798774067,99604.23436550453,1.2081391097049938,339.7382511409827
37.1,144.188068329508,11.38318245311443,-2.155058839959767,-1.8555260947320262,0.0,0.0,0.0,0.0,11.733034494657062,287.21277755585817,99604.77695654487,1.2081444388370788,339.7384272000633
37.15,144.7809241481582,8.992050841670036,-0.9025154727333549,-1.2094710180872448,0.0,0.0,0.0,0.0,9.117803061115923,287.20892399303693,99597.75309047694,1.2080754525491533,339.7361480400367
37.2,144.47425105699048,8.317560655680948,-1.8170792195283072,-2.045685543104696,0.0,0.0,0.0,0.0,8.756050564737555,287.2109173681295,99601.3863533442,1.2081111374736007,339.73732700827884
37.25,144.5629068875204,11.323730603027938,-1.7411151032706762,-0.4245240256897783,0.0,0.0,0.0,0.0,11.464666467943,287.2103411052311,99600.33600582989,1.2081008212700688,339.73698618189815
37.3,143.84470667061981,9.407678060495831,-3.550555884390207,-2.2077574758588203,0.0,0.0,0.0,0.0,10.29490391651729,287.21500940664095,99608.84512112873,1.2081843946957842,339.7397472040132
37.35,143.66183517120632,9.156260600599499,-1.7429291613056475,-1.266463111308273,0.0,0.0,0.0,0.0,9.406319102588691,287.2161980713871,99611.01184589794,1.2082056752589074,339.7404502247978
37.4,143.74382907274267,9.660683356809036,-1.6779273236874084,-2.143646860567676,0.0,0.0,0.0,0.0,10.03690514486042,287.21566511102714,99610.0403490762,1.2081961336797764,339.74013501228916
37.45,142.89129009751483,10.788343487404541,-3.283139477904144,-2.9703830476972604,0.0,0.0,0.0,0.0,11.661497994839426,287.2212066143661,99620.14194961252,1.208295345924542,339.74341244844663
37.5,142.7681525942167,11.039847831100243,-1.103263923992868,-1.7172242296718365,0.0,0.0,0.0,0.0,11.22694484153213,287.22200700813755,99621.60105512201,1.2083096762808325,339.7438858263092
37.55,142.3939780029577,9.14878719097427,-1.0803261870185017,-1.7647243428845691,0.0,0.0,0.0,0.0,9.379854142920463,287.22443914298077,99626.03490564205,1.2083532223436295,339.74532426273316
37.6,142.14685922859138,9.981230692660368,-1.3720773020238526,-1.3584498979047543,0.0,0.0,0.0,0.0,10.166265213339257,287.22604541501414,99628.96327254525,1.2083819824364703,339.74627425614506
37.65,142.08159837425532,10.000947722105801,-2.4450862879602164,-2.097429835004869,0.0,0.0,0.0,0.0,10.506979309422515,287.22646961056734,99629.73662779226,1.2083895776903513,339.74652513660635
37.7,141.74465644587545,9.963485385183398,-4.154427007144119,-2.6680755580089928,0.0,0.0,0.0,0.0,11.119754132250256,287.2286597331018,99633.72953989755,1.2084287925832018,339.74782043000897
37.75,141.33451901620865,9.66077161784403,-1.8843274795945923,-2.022686969318299,0.0,0.0,0.0,0.0,10.048505405200624,287.2313256263946,99638.59002619295,1.2084765276279616,339.74939709950803
37.8,141.2160417046611,8.42193844096907,-1.472864247795123,-2.5147893615596475,0.0,0.0,0.0,0.0,8.911932547372606,287.23209572891966,99639.9941214218,1.2084903172250585,339.749852554171
37.85,141.3405245561677,8.65431107996167,-1.4311908047506612,-1.8200750905006702,0.0,0.0,0.0,0.0,8.958687444230387,287.2312865903849,99638.51885392095,1.2084758286452162,339.7493740127831
37.9,140.89448990856738,11.474402652891179,-1.9294458853598797,-0.7934146129887101,0.0,0.0,0.0,0.0,11.66251192553784,287.2341858155943,99643.80496844284,1.208527743307206,339.7510886718582
37.95,140.80773037810067,10.6827608588651,-3.6283275925996903,-2.037982842967548,0.0,0.0,0.0,0.0,11.464707355844308,287.2347497525423,99644.83321273563,1.2085378415812555,339.7514221943069
38.0,140.2600889445846,8.374683163172708,-3.5488375552972355,-2.6138866293053136,0.0,0.0,0.0,0.0,9.463718581418068,287.23830942186015,99651.32387005568,1.2086015851549905,339.753527439176
38.05,140.30171132919,7.370441929955057,-3.4869026239164937,-3.2218304779244336,0.0,0.0,0.0,0.0,8.767103043765264,287.23803887636024,99650.83054869289,1.208596740362688,339.7533674347362
38.1,139.54570404992123,8.944407820072293,-1.7982414820802983,-2.034202491694487,0.0,0.0,0.0,0.0,9.347410521468541,287.2429529236755,99659.79128880886,1.208684740958458,339.75627366015993
38.15,139.05579912747987,10.970756914870059,-3.074007108969918,-0.47258829930288226,0.0,0.0,0.0,0.0,11.403085840762788,287.24613730567137,99665.59834145657,1.2087417693827058,339.7581569278803
38.2,138.6551361547158,11.046253857318696,-3.1947229875958683,-1.4069834988937882,0.0,0.0,0.0,0.0,11.584713281474041,287.24874161499434,99670.34777476151,1.2087884109381966,339.7596971284525
38.25,138.6046187566955,7.740251672237932,-3.3034071739754385,-3.6498061644277557,0.0,0.0,0.0,0.0,9.17306273523458,287.2490699780815,99670.94661778315,1.2087942918140084,339.7598913234045
38.3,138.47433099678267,4.684210279348291,-3.5618864084446944,-2.592466676695054,0.0,0.0,0.0,0.0,6.430376676182317,287.2499168485209,99672.49108757316,1.2088094590884388,339.76039216470645
38.35,138.4595907798669,4.813477792617121,-2.3981264012018007,-2.271324478105788,0.0,0.0,0.0,0.0,5.837764433496938,287.25001265993086,99672.66582370123,1.2088111750601436,339.7604488277681
38.4,138.22593160162364,15.92041169140589,-2.876389754642367,-1.2741645508413912,0.0,0.0,0.0,0.0,16.22826613495988,287.25153144458943,99675.43574145042,1.208838376573514,339.7613470388254
38.45,138.080410079041,14.737285195057236,-4.479342022456085,-2.4775289065883714,0.0,0.0,0.0,0.0,15.600968859579687,287.25247733448623,99677.16086096436,1.208855317748111,339.76190643803784
38.5,138.1305318618338,6.6013565117823125,-3.6418904314731453,-4.3088833408952105,0.0,0.0,0.0,0.0,8.683763547906556,287.25215154289805,99676.56667763503,1.2088494827015657,339.76171376502157
38.55,138.28502300442915,5.369041221294353,-1.663875192761274,-0.8610647743193035,0.0,0.0,0.0,0.0,5.686520626764478,287.2511473504712,99674.7352352578,1.2088314973833518,339.7611198853304
38.6,138.78171142658292,9.093928515663535,-3.480977863081807,-2.579540542097438,0.0,0.0,0.0,0.0,10.073270181008168,287.2479188757272,99668.84733976533,1.2087736760423426,339.7592105574012
38.65,138.44681299994747,11.705198401734018,-3.0065058390228603,-1.4900852000312317,0.0,0.0,0.0,0.0,12.176662140643767,287.2500957155003,99672.81729655675,1.2088126625776712,339.76049794699225
38.7,138.23995136211659,8.605075558149053,-1.6333059888575225,-3.0505288414357516,0.0,0.0,0.0,0.0,9.274736655405556,287.2514403161462,99675.2695421407,1.2088367444450827,339.7612931454224
38.75,137.46426776698948,7.948391999689892,0.05526507075572606,-2.6095789023809175,0.0,0.0,0.0,0.0,8.365996154465499,287.25648225951454,99684.46533449482,1.2089270491812265,339.7642749401872
38.8,137.8772900103738,9.983381027671207,0.014545453435318212,-1.7416652499816325,0.0,0.0,0.0,0.0,10.134175159176726,287.2537976149325,99679.56883657165,1.208878964674567,339.76268725025255
38.85,136.91726520864123,11.149448655695505,-2.636989434553532,-1.7385736922872617,0.0,0.0,0.0,0.0,11.588207673641795,287.2600377761438,99690.95050750794,1.208990734076592,339.76637764955336
38.9,136.77578830785276,10.468073059850534,-3.3415508337273834,-1.683587101934081,0.0,0.0,0.0,0.0,11.116698299879847,287.26095737599894,99692.62789014791,1.2090072059741988,339.76692149279734
38.95,136.71325270228004,8.840874670326045,-1.916335277358116,-2.849451573614102,0.0,0.0,0.0,0.0,9.484343946843753,287.2613638574352,99693.3693339385,1.209014486935453,339.76716188205637
39.0,136.82035422982727,7.826913844572163,-0.8286702392675165,-3.0195676042465647,0.0,0.0,0.0,0.0,8.430009680446306,287.2606676975061,99692.09950387239,1.2090020172266362,339.76675017958536
39.05,137.0346973847128,9.702366057031847,-1.0492149101458241,-3.8248661141179747,0.0,0.0,0.0,0.0,10.481715500014488,287.25927446699933,99689.55822200568,1.208977061792842,339.7659262345961
39.1,136.35662016364094,11.002125078757697,-0.43775306844930784,-3.497196670002708,0.0,0.0,0.0,0.0,11.552868412054378,287.26368196893634,99697.59777813153,1.2090560099648766,339.76853278792083
39.15,136.20325887294362,9.231101422416168,-0.45993747489401143,-2.7570652187503883,0.0,0.0,0.0,0.0,9.645008272271664,287.26467881732583,99699.416164042,1.2090738662856801,339.76912231148776
39.2,135.69237946398624,9.676214803130183,-0.49521641488493395,-2.5831632574606798,0.0,0.0,0.0,0.0,10.027317917996918,287.26799953348404,99705.47379192892,1.209133350982171,339.77108613376924
39.25,135.63067932063183,10.390428660423806,0.5774194676074519,-1.6536474681880806,0.0,0.0,0.0,0.0,10.537028563023513,287.2684005844159,99706.20540648777,1.209140535244539,339.7713233085735
39.3,135.314792751041,9.189260650513177,-1.4416112531131415,-2.988797817347595,0.0,0.0,0.0,0.0,9.770039237441885,287.27045384711823,99709.95112574176,1.209177317064415,339.7725375711542
39.35,134.886854203413,10.268936533414495,-1.2353837096070228,-2.880743233946004,0.0,0.0,0.0,0.0,10.73666205192205,287.2732354476778,99715.02571649986,1.2092271475775531,339.7741825527041
39.4,134.86625441262794,7.997609353631045,-1.1481204279831767,-3.696353800294081,0.0,0.0,0.0,0.0,8.884985498434286,287.2733693463179,99715.26999868976,1.2092295463217444,339.77426173741407
39.45,135.44029536929872,8.278535992249564,-0.2448263185138263,-3.117656163865014,0.0,0.0,0.0,0.0,8.849512871186416,287.2696380800995,99708.46292735595,1.2091627034419423,339.77205514175176
39.5,134.7293078710314,8.696921811114652,-0.36904114648636427,-4.178413952184315,0.0,0.0,0.0,0.0,9.655660697862693,287.27425949883826,99716.89398871938,1.20924549316465,339.77478815356227
39.55,135.00771754504828,9.06891357749182,0.057184765792447856,-3.164059628819572,0.0,0.0,0.0,0.0,9.605193225967922,287.27244983595716,99713.59247084304,1.2092130737099598,339.77371795884403
39.6,134.5117931255624,7.910901090742418,-0.7800207210064705,-2.522370261819671,0.0,0.0,0.0,0.0,8.339852524500735,287.2756733446838,99719.47344638628,1.2092708221632849,339.7756242684694
39.65,133.9834645051365,10.286492986598965,0.08148887280691852,-2.2401817974882605,0.0,0.0,0.0,0.0,10.52791493532973,287.2791074807166,99725.73899977698,1.2093323462798575,339.7776551265189
39.7,133.71503894644002,8.027519495860501,-1.1722136852397131,-2.9741806915601696,0.0,0.0,0.0,0.0,8.640654197821657,287.2808522468481,99728.92243357873,1.2093636054799175,339.77868693083275
39.75,133.780853808302,9.917488094453116,-0.6964554978014627,-1.6674636039988124,0.0,0.0,0.0,0.0,10.08077651943033,287.280424450246,99728.14188458482,1.2093559410261387,339.77843394456386
39.8,133.53750919625423,9.014978184351214,-1.2015452538223221,-4.112398618594911,0.0,0.0,0.0,0.0,9.98125067611933,287.2820061902243,99731.02791990117,1.2093842798492398,339.7793693379065
39.85,133.5688303927029,7.930252307677942,-0.6609563091963186,-5.187066014086178,0.0,0.0,0.0,0.0,9.499021988635757,287.2818026024474,99730.65645081,1.2093806322945642,339.7792489423766
39.9,133.3862567119361,9.11377334165,-0.9550581893163835,-4.439341264771911,0.0,0.0,0.0,0.0,10.182374552777814,287.2829893313724,99732.8217886914,1.209401894291825,339.77995073664755
39.95,132.8564379826312,9.352247244662875,-1.390055743325882,-3.389831787472752,0.0,0.0,0.0,0.0,10.044289075998277,287.28643315311285,99739.10569505893,1.2094635970516319,339.7819872966215
40.0,132.27393775276198,9.530271343330762,-1.004880009225817,-2.3998558504499563,0.0,0.0,0.0,0.0,9.879026460810401,287.290219404607,99746.01479950239,1.2095314378854412,339.78422634390995
40.05,132.14398386041012,10.444501229486033,-0.3224698001633341,-3.6564831868921535,0.0,0.0,0.0,0.0,11.07074803257565,287.2910641049073,99747.55625093498,1.2095465733503186,339.78472586600935
40.1,131.85254170138913,9.673786970874055,0.22395999275608497,-4.543467456786029,0.0,0.0,0.0,0.0,10.689967678486294,287.29295847894093,99751.01326972758,1.209580517551206,339.78584612065873
40.15,131.44556853640898,7.702142832231192,-0.6665068002760537,-3.945696869893168,0.0,0.0,0.0,0.0,8.679617463459394,287.2956038045133,99755.84085264463,1.2096279188410102,339.7874104508873
40.2,131.63323055947865,5.953109931431492,-1.2865861264721374,-4.176053289213181,0.0,0.0,0.0,0.0,7.384730380378628,287.29438400136337,99753.61475121975,1.209606061149739,339.78668911337286
40.25,131.2330564464803,8.259329241415077,-1.7518106973035623,-4.3451452702896525,0.0,0.0,0.0,0.0,9.495559365156003,287.29698513309785,99758.36178134903,1.2096526712764926,339.78822730553514
40.3,131.26676759012238,9.25261300609829,-1.0420405491834728,-5.171309749086935,0.0,0.0,0.0,0.0,10.65078121396564,287.29676601066416,99757.9618788246,1.2096487447309316,339.78809772666494
40.35,130.8151895302434,7.528626482776001,-0.8072499549434728,-4.291880934001394,0.0,0.0,0.0,0.0,8.70356887480975,287.2997012680534,99763.31888602446,1.2097013436322248,339.78983349799125
40.4,130.7071677065836,9.19161410792363,-0.6837315784461269,-4.844655337494662,0.0,0.0,0.0,0.0,10.41268188890166,287.3004034099072,99764.60036829514,1.2097139260556304,339.7902487099054
40.45,130.72878551773073,9.23524855836654,0.2054415783223595,-4.235863983745089,0.0,0.0,0.0,0.0,10.162409451783748,287.30026289413473,99764.34391125698,1.2097114079966924,339.7901656158782
40.5,131.0077262742531,7.753463860114386,-0.22914287329784933,-1.7861548552439581,0.0,0.0,0.0,0.0,7.959840290696455,287.2984497792173,99761.03482114444,1.2096789171267819,339.78909342822357
40.55,130.90166320805815,8.910831561706413,-2.1098727663399144,-4.418771851894661,0.0,0.0,0.0,0.0,10.167596908332989,287.2991391891476,99762.29304287896,1.2096912712172578,339.7895011120013
40.6,130.90198285317376,11.806047180007594,-2.5055591920034583,-6.994972763344302,0.0,0.0,0.0,0.0,13.949559879835883,287.29913711145434,99762.28925092297,1.2096912339852581,339.7894998833545
40.65,130.3515509536281,9.076120403929218,-2.5552343063351945,-3.949129570490735,0.0,0.0,0.0,0.0,10.222563685857716,287.30271491880137,99768.81920779431,1.2097553491386206,339.7916156181884
40.7,130.07644803930683,6.741671549618468,0.574627636319636,-1.3066348861326664,0.0,0.0,0.0,0.0,6.8911266806681395,287.3045030877445,99772.08297496606,1.209787394523106,339.7926730461854
40.75,129.7167128709717,8.896385153831961,0.4047187126800628,-4.880451150110907,0.0,0.0,0.0,0.0,10.155208982110315,287.3068413663387,99776.35093308777,1.209829299282118,339.7940557748039
40.8,129.64102409549474,13.169926117627686,-1.4378682276432344,-4.889377252391737,0.0,0.0,0.0,0.0,14.121629824494178,287.30733334337924,99777.248936186,1.2098381162425946,339.7943467020954
40.85,129.80851534012012,8.525164509473992,-2.563864427550303,-2.7286405874775768,0.0,0.0,0.0,0.0,9.311139037308097,287.3062446502892,99775.26175921131,1.2098186053087514,339.7937029104744
40.9,129.36835502249087,7.078996391171073,-1.4419641933395113,-2.526041642685136,0.0,0.0,0.0,0.0,7.653256628499124,287.3091056923538,99780.48404968035,1.2098698797804626,339.7953947665951
40.95,128.73250331831952,7.787098388687925,-1.857980422223496,-4.468554437468263,0.0,0.0,0.0,0.0,9.168367975004557,287.3132387284309,99788.02851513869,1.2099439533645642,339.79783879211845
41.0,128.76927624210234,9.545525882331559,0.2636261226972153,-4.444984447667873,0.0,0.0,0.0,0.0,10.533017129143923,287.3129997044263,99787.59218689903,1.2099396694059834,339.79769744837563
41.05,128.54117618262416,8.52505251485663,-0.7776130526618392,-3.6814028179902833,0.0,0.0,0.0,0.0,9.318472468652802,287.3144823548129,99790.2987275789,1.2099662427102564,339.7985741934899
41.1,128.42705811419862,9.46565065301916,0.397500786267434,-0.9833004865005053,0.0,0.0,0.0,0.0,9.524884724070809,287.3152241222577,99791.65282754618,1.2099795374563591,339.79901282671744
41.15,128.19536932689587,7.701898004893024,-1.8084723373110774,-2.8329657388897487,0.0,0.0,0.0,0.0,8.403302919109704,287.31673009937515,99794.4020416412,1.2100065295258426,339.799903362311
41.2,127.96349321460276,8.472140532705845,-1.2953789144856642,-3.3231457701548632,0.0,0.0,0.0,0.0,9.192304909417958,287.3182372941051,99797.15353993385,1.2100335438801617,339.8007946155836
41.25,127.5884170787675,7.92406589290622,-0.7140985443641342,-4.0101933099140155,0.0,0.0,0.0,0.0,8.90968054360322,287.320675288988,99801.60441455181,1.2100772425002144,339.8022362763165
41.3,127.80969949591426,8.355138853659996,-1.1430428891157565,-4.841178720027071,0.0,0.0,0.0,0.0,9.723780319893077,287.3192369532765,99798.97852745382,1.2100514616250315,339.801385745281
41.35,127.51338172534281,7.215971499212879,-0.9634690303111926,-3.1163667293671113,0.0,0.0,0.0,0.0,7.9189809219196645,287.3211630187852,99802.4948475996,1.2100859847139744,339.80252468508706
41.4,127.02772867515355,8.791798109651975,-0.9059395255867025,-2.4598260770721065,0.0,0.0,0.0,0.0,9.174267532307102,287.32431976361147,99808.25817353193,1.2101425683143348,339.80439135391197
41.45,127.31980512447689,8.270425482507642,-0.3565362753715974,-2.3566705138738877,0.0,0.0,0.0,0.0,8.60702920224686,287.32242126669087,99804.79202118189,1.2101085381462984,339.8032687224257
41.5,126.70100204303002,9.163610981492425,0.8523774430229637,-1.3383026695214741,0.0,0.0,0.0,0.0,9.299965997827693,287.3264434867203,99812.1356447305,1.2101806364831686,339.80564716321044
41.55,127.09387365030969,9.388170594530264,-0.4642160778151789,-3.512124782190804,0.0,0.0,0.0,0.0,10.034354197684255,287.323889821273,99807.47320420212,1.2101348616219472,339.8041371179506
41.6,126.6126387903641,9.262061161321315,-0.5582782163267122,-3.49900589897373,0.0,0.0,0.0,0.0,9.91667755873582,287.32701784786263,99813.18432818656,1.2101909321809,339.80598679617253
41.65,126.43869243635785,7.830631443553991,-1.872028902022576,-3.9751109603032915,0.0,0.0,0.0,0.0,8.979130701883545,287.32814849916366,99815.24872669629,1.2102111998411431,339.8066553753162
41.7,126.75822584129047,8.742650079576281,-1.7503665037336518,-3.974045969281811,0.0,0.0,0.0,0.0,9.761698350045085,287.32607153203156,99811.45652498175,1.2101739690535165,339.80542721766165
41.75,126.78534689019901,8.356751609186645,-1.1446841588160885,-3.1860928992115776,0.0,0.0,0.0,0.0,9.016473104462438,287.3258952452137,99811.1346595046,1.2101708090548895,339.8053229750735
41.8,126.41683520878442,8.91027334502547,-0.6886001208971411,-2.667937461176244,0.0,0.0,0.0,0.0,9.326576623087298,287.3282905711429,99815.50813111778,1.2102137465921758,339.8067393855295
41.85,126.57067186913751,9.355632121386908,1.1612233192484893,-1.053024187750148,0.0,0.0,0.0,0.0,9.486050386113275,287.3272906328506,99813.68238921049,1.2101958220055316,339.80614810009496
41.9,126.11080709294728,8.27379472453513,-0.2814122904226927,-3.465413043205214,0.0,0.0,0.0,0.0,8.974628659781034,287.3302797538958,99819.14016995454,1.2102494046750227,339.80791562984246
41.95,125.89888170306011,10.176446707738643,-1.4667464196646798,-2.313861664777398,0.0,0.0,0.0,0.0,10.53875554602014,287.3316572689301,99821.65543047797,1.2102740984755869,339.8087301801779
42.0,125.72175994648617,8.51777945385912,-3.35199233772548,-3.009724496143008,0.0,0.0,0.0,0.0,9.635707602425375,287.3328085603478,99823.75765950314,1.2102947372107657,339.8094109587711
42.05,125.65990230056094,8.35204416786224,-0.40211637918389775,-2.3300645249921286,0.0,0.0,0.0,0.0,8.680296081065233,287.3332106350463,99824.49184618468,1.2103019451045545,339.809648712196
42.1,125.10595566226799,8.852247097872086,-1.6215985116469394,-4.2603194151328045,0.0,0.0,0.0,0.0,9.957016718561732,287.33681128819524,99831.06681835481,1.210366494587896,339.8117778305911
42.15,125.54918328121907,9.095050105460867,-0.8358418557346303,-3.334497186902113,0.0,0.0,0.0,0.0,9.723036537939151,287.33393030867205,99825.80597806751,1.210314846597846,339.8100742667086
42.2,125.0709109884053,10.533758940739057,-0.9711193829822693,-1.1178181451174283,0.0,0.0,0.0,0.0,10.6373242727275,287.33703907857534,99831.4827867397,1.2103705783109537,339.8119125258958
42.25,125.19048433753673,9.457919569298515,-1.495772184964528,-0.5171871949271893,0.0,0.0,0.0,0.0,9.589424362454194,287.336261851806,99830.06349744285,1.2103566445838263,339.8114529417531
42.3,124.87375354233856,7.267493113882148,-0.4625101488333044,-0.5418713972643563,0.0,0.0,0.0,0.0,7.302328149930779,287.3383206019748,99833.82300486893,1.2103935530801475,339.81267030573713
42.35,124.67933058359863,9.453209578025428,-0.4157983915903128,-3.0969591237573235,0.0,0.0,0.0,0.0,9.956265135217347,287.3395843512066,99836.13080870005,1.2104162095260869,339.8134175738495
42.4,124.63477903388902,8.956266396065958,0.0839413289716468,-1.700081871843314,0.0,0.0,0.0,0.0,9.116580075608402,287.3398739362797,99836.65964243712,1.2104214012414432,339.8135888082946
42.45,124.5303208184974,7.373618744858828,-0.7157020477124003,-0.7503343078901434,0.0,0.0,0.0,0.0,7.4461724657188935,287.34055291467973,99837.89958639034,1.2104335741131078,339.81399029442906
42.5,124.17551883389928,8.48896122952862,-1.1498700234104045,-1.0460704795063434,0.0,0.0,0.0,0.0,8.630117454315007,287.34285912757963,99842.11126375527,1.2104749210962595,339.8153539756561
42.55,124.13465683776879,10.5466436657763,-2.1093916841961535,-1.1829975866012368,0.0,0.0,0.0,0.0,10.820383966390452,287.3431247305545,99842.59632536564,1.2104796830337825,339.81551102836363
42.6,123.02351877117805,9.192531057562592,-1.0070476078130701,-0.5949673012308652,0.0,0.0,0.0,0.0,9.266647625662086,287.35034712798733,99855.78707372838,1.2106091773079084,339.81978164951533
42.65,123.37740394941811,6.812100045131496,-1.1953041787516125,-2.3226462385183257,0.0,0.0,0.0,0.0,7.295762102338927,287.34804687432876,99851.58581320851,1.2105679336644848,339.81842150976235
42.7,123.23385218078884,9.625208563993612,-1.555190567457634,-2.9557327518171954,0.0,0.0,0.0,0.0,10.188209543469844,287.34897996082486,99853.29001646166,1.2105846638144415,339.8189732443683
42.75,122.48842056113432,10.474315242479776,-1.8103825239832547,-2.4920725462077913,0.0,0.0,0.0,0.0,10.917838167767039,287.3538252663526,99862.13993427166,1.2106715425145596,339.82183826203567
42.8,122.18822947442452,10.504317518655423,-1.3098764223042327,-2.2511572129419757,0.0,0.0,0.0,0.0,10.822392137222733,287.3557765084162,99865.70404409859,1.2107065305871751,339.82299202001803
42.85,122.04250456023136,10.805527122839244,-1.2968491522238794,-2.18081674469229,0.0,0.0,0.0,0.0,11.099423219247415,287.35672372035845,99867.43424452684,1.210723515493887,339.8235520994689
42.9,121.76957205677992,9.583706683913137,-3.0475301927975424,-2.091509695361649,0.0,0.0,0.0,0.0,10.271771360631318,287.3584977816309,99870.67485340525,1.2107553275186491,339.8246010863604
42.95,122.15147279306228,10.409200403661792,-2.0095882811148686,-1.7334586789741744,0.0,0.0,0.0,0.0,10.742196102049986,287.3560154268451,99866.14045603694,1.21071081472968,339.82313329081387
43.0,121.80319264831923,8.162305458582592,-2.602626299105781,-4.027048026852013,0.0,0.0,0.0,0.0,9.46646765496914,287.3582792477859,99870.27566151321,1.2107514087896512,339.8244718693869
43.05,121.37987917905136,7.667365885615321,-1.4513696872971882,-3.0153242641146694,0.0,0.0,0.0,0.0,8.365832535430137,287.36103078533614,99875.30194055098,1.2108007498183633,339.8260988236528
43.1,121.79848642772667,11.114569356120354,-1.5812863212835597,-2.5363956044928786,0.0,0.0,0.0,0.0,11.50944920768926,287.3583098382198,99870.3315404375,1.21075195733394,339.824489957221
43.15,121.13871514292222,9.207405600497813,-2.366816037735978,-2.435042759433774,0.0,0.0,0.0,0.0,9.813641999218923,287.36259835157097,99878.16553124097,1.2108288603644688,339.8270257050575
43.2,120.98766470317328,7.181949964148491,-1.995856441753011,-2.179532386840062,0.0,0.0,0.0,0.0,7.766222353815543,287.36358017942933,99879.9591436133,1.2108464673499264,339.82760624573643
43.25,120.83957861316544,8.083400929555921,-1.856852797965775,-1.5175120192010496,0.0,0.0,0.0,0.0,8.43161405839229,287.3645427390144,99881.71758184124,1.2108637289902007,339.8281753923999
43.3,120.58874884502457,8.506923383580467,-1.4324020398678345,-2.4028946115604763,0.0,0.0,0.0,0.0,8.95507808855914,287.3661731325073,99884.69610009406,1.2108929673665358,339.8291394167968
43.35,120.59376107680161,11.192181953628028,-2.322576134116959,-3.2915267942133037,0.0,0.0,0.0,0.0,11.895101740586782,287.3661405530008,99884.63658084092,1.2108923831023692,339.8291201531064
43.4,120.31776207690419,8.652990466728642,-1.1801795293145583,-1.0576607443961,0.0,0.0,0.0,0.0,8.796915026811753,287.3679345465001,99887.91405669451,1.2109245559830448,339.83018090835014
43.45,120.12944845382995,7.368427894023162,0.05138695057184073,-0.4739876509269856,0.0,0.0,0.0,0.0,7.3838360315854095,287.36915858505006,99890.15032257327,1.2109465078571957,339.830904657852
43.5,120.12266733855031,7.4028059699925715,-0.43257051685133163,-0.8018449133177864,0.0,0.0,0.0,0.0,7.458659983295947,287.3692026622994,99890.23085057164,1.2109472983430685,339.83093071981875
43.55,119.66688977930002,9.871033060496822,-0.4335606150206964,-0.9675797204415705,0.0,0.0,0.0,0.0,9.927813404961245,287.37216521643455,99895.6434811157,1.2110004299952246,339.8326824122844
43.6,119.27948532318214,9.34992111570308,-1.0515574599179018,-0.7214820855320062,0.0,0.0,0.0,0.0,9.436489514704233,287.3746833453993,99900.2443269688,1.211045592547604,339.83417131891787
43.65,119.12164003707571,8.963435849968679,-1.283775395587662,-3.0082377147767296,0.0,0.0,0.0,0.0,9.541527951613679,287.375709339759,99902.11895922339,1.2110639940889791,339.8347779618339
43.7,118.98598657169138,9.788083136319285,-1.3245303376280007,-2.238998168376792,0.0,0.0,0.0,0.0,10.127885509660423,287.376591087284,99903.73005550841,1.211079808687534,339.83529931460447
43.75,118.47755138760303,8.471527705808416,-2.0608603984825202,-1.8272754454788216,0.0,0.0,0.0,0.0,8.90802238468017,287.37989591598057,99909.76870279427,1.211139083907707,339.83725336071547
43.8,118.01867134494644,10.414003278334272,-1.255652087953461,-2.1621412625601892,0.0,0.0,0.0,0.0,10.709947772347176,287.38287863625783,99915.2190410584,1.2111925837150554,339.8390169441304
43.85,117.80338696227886,10.307860193419195,-0.6488703464177419,-2.2499252067405777,0.0,0.0,0.0,0.0,10.570486172805058,287.38427798474515,99917.77615985465,1.2112176838672526,339.839844329251
43.9,117.45013392033844,10.217867008042717,-1.5868607875461622,-2.1608089252683147,0.0,0.0,0.0,0.0,10.563712821002786,287.3865741295178,99921.97216655234,1.2112588707412169,339.84120195383804
43.95,117.69394745329897,9.471319549877222,-1.452398687984077,-2.2855266924922546,0.0,0.0,0.0,0.0,9.850836930273434,287.38498934155353,99919.07608786513,1.2112304436463979,339.8402649285251
44.0,117.44567911822173,10.268795500695193,-1.3061648585159082,-2.0809939568305715,0.0,0.0,0.0,0.0,10.558634548135714,287.3866030857315,99922.02508244861,1.2112593901473312,339.84121907453033
44.05,117.57909223613477,7.357100519746124,-0.945150194056363,-1.623736089740399,0.0,0.0,0.0,0.0,7.593204582789727,287.3857359004651,99920.44035865832,1.2112438349647787,339.840706340956
44.1,117.23016545085838,9.166855330142107,-0.9431472506729505,-1.7333358925798934,0.0,0.0,0.0,0.0,9.376844709000594,287.3880039245694,99924.58506588006,1.2112845180924785,339.8420473354742
44.15,117.38743882654924,10.060562631250228,0.22836280276060972,-1.0166915786076025,0.0,0.0,0.0,0.0,10.114382422718888,287.3869816476274,99922.71688568777,1.2112661806697034,339.8414429034988
44.2,117.05980472099537,7.619212656454083,0.0315597300145545,-1.6573864420137507,0.0,0.0,0.0,0.0,7.797456465989385,287.3891112693135,99926.60873681842,1.2113043816860514,339.8427020634679
44.25,116.92439077697288,8.676715641743963,0.14334539454170098,-1.7516611558232793,0.0,0.0,0.0,0.0,8.852923756287568,287.38999145994967,99928.21730762157,1.211320170758066,339.8432224835593
44.3,116.59900595534569,10.07282020342512,-0.7711757805578092,-1.571556488540406,0.0,0.0,0.0,0.0,10.223805980735436,287.3921064612902,99932.0826121564,1.21135811080616,339.8444729925716
44.35,116.5045042746296,7.383972868193545,-2.0309723622680522,-1.970964050538047,0.0,0.0,0.0,0.0,7.907755898042656,287.3927207222149,99933.20523722238,1.211369129924154,339.8448361776834
44.4,115.82756642019542,6.790793562232981,-0.7283917941490531,-1.5261173063362017,0.0,0.0,0.0,0.0,6.998175893998909,287.3971208182687,99941.24716424137,1.2114480647104346,339.84743774705385
44.45,115.94950670459629,7.808103816355095,0.0393841867580611,-1.594391607683193,0.0,0.0,0.0,0.0,7.9693237429405634,287.3963282064201,99939.79849202534,1.211433845492352,339.8469691145031
44.5,116.01680024406997,8.18908630355981,0.2552139400197532,-2.05108679911933,0.0,0.0,0.0,0.0,8.44589993427893,287.3958907984135,99938.99904011666,1.2114259985789946,339.8467104963037
44.55,115.73242476022806,8.85453798487415,-1.2174205836108272,-2.987801275753278,0.0,0.0,0.0,0.0,9.424007229749531,287.39773923905847,99942.37747585292,1.2114591590820074,339.8478033885175
44.6,115.30660301114506,8.99957415786956,-0.4942912202839221,-1.6762871039179221,0.0,0.0,0.0,0.0,9.167693127946904,287.40050708042753,99947.43649348611,1.211508814672719,339.8494398706748
44.65,114.68661430124156,9.094838610710125,-0.39311057625462925,-1.3352486314020853,0.0,0.0,0.0,0.0,9.200734437407053,287.4045370070419,99954.80270175103,1.211581115092187,339.8518225447966
44.7,113.93799410581497,9.429105856364345,-1.5564735208984075,-3.5082451022408727,0.0,0.0,0.0,0.0,10.18029620242846,287.4094030383122,99963.69779195907,1.2116684203620136,339.8546995393863
44.75,113.79981739714812,9.288913179348386,-0.2211878317527208,-2.971662593341878,0.0,0.0,0.0,0.0,9.755183784996312,287.4103011869185,99965.3396749216,1.2116845352742058,339.85523055852315
44.8,113.88732007347397,8.413963187669044,-1.6090701929013747,-3.830633815815935,0.0,0.0,0.0,0.0,9.383903177250179,287.4097324195224,99964.2999229606,1.2116743302216324,339.854894282006
44.85,113.86638621454028,8.84710358357497,-0.7543941322786318,-2.1021799100247742,0.0,0.0,0.0,0.0,9.124665073274375,287.40986848960546,99964.54866907967,1.2116767716396133,339.854974731749
44.9,113.75970521278634,9.203142629965729,-1.1788883561986268,-3.3670343449942157,0.0,0.0,0.0,0.0,9.870386633979635,287.4105619161169,99965.81631152573,1.2116892134039583,339.85538471124727
44.95,113.655606231785,7.599399289904528,0.5569535250206402,-2.1277296276794835,0.0,0.0,0.0,0.0,7.911276772110772,287.41123855949337,99967.05328552616,1.211701354132111,339.8557847674563
45.0,113.50258961538165,10.533581853219282,0.42021467544131585,-3.6367874445950443,0.0,0.0,0.0,0.0,11.151643374368236,287.4122331675,99968.87155421996,1.211719200135124,339.8563728150809
45.05,112.91148490080855,11.727437025982063,-0.5535868300481587,-2.1713503609809983,0.0,0.0,0.0,0.0,11.939597981796124,287.4160753481447,99975.89579585117,1.2117881413113991,339.8586444393594
45.1,112.40905473189252,8.716149339033576,-0.9902555144040548,-1.8644132990642504,0.0,0.0,0.0,0.0,8.968160471014707,287.41934114424265,99981.86661041917,1.211846742639669,339.86057527409207
45.15,111.64404648243405,9.619459321039058,-0.12025425902639991,-2.789190037910391,0.0,0.0,0.0,0.0,10.016388559931057,287.42431369786414,99990.95842316562,1.2119359741275235,339.86351517301864
45.2,112.44399728977638,7.8490206620820056,-0.11019209571415593,-4.30596159199311,0.0,0.0,0.0,0.0,8.953243707364832,287.41911401761644,99981.45134827861,1.2118426670174733,339.8604409905035
45.25,111.90505298767908,10.171872835594307,-0.4508183366000056,-4.418448508076732,0.0,0.0,0.0,0.0,11.099230665890392,287.42261715558004,99987.85639148252,1.2119055294480372,339.8625121373538
45.3,111.93301835162177,10.466646435657879,-0.34385720865763186,-3.7247263377853086,0.0,0.0,0.0,0.0,11.114967911802855,287.42243538071443,99987.52403103607,1.211902267508327,339.8624046676062
45.35,111.82541287552377,9.643715178585701,-1.1737694387975262,-2.9540480640245854,0.0,0.0,0.0,0.0,10.154081795303144,287.4231348163091,99988.80289660784,1.2119148188774216,339.86281819085497
45.4,110.54396819741008,10.285275519082886,-1.246451986139487,-2.3593803610361443,0.0,0.0,0.0,0.0,10.625780476992729,287.43146420671684,100004.0335808702,1.2120642974007394,339.86774268934863
45.45,109.82325842307428,10.556027238150048,0.09314163808791848,-2.887119752577925,0.0,0.0,0.0,0.0,10.944123851777128,287.43614882024997,100012.60044361115,1.2121483732689293,339.87051229312885
45.5,109.63602578096443,9.72758791276205,0.04773875113911735,-3.8464938526979346,0.0,0.0,0.0,0.0,10.460581271980905,287.4373658324237,100014.82611958364,1.2121702160046361,339.8712318026875
45.55,109.97313731072367,9.83099214615376,-0.965327920398968,-4.391853198929856,0.0,0.0,0.0,0.0,10.810579960972914,287.4351746074803,100010.81882891065,1.2121308884742654,339.86993632786664
45.6,109.54323970294769,11.203859248972444,-1.3600231732800387,-2.8643390239324162,0.0,0.0,0.0,0.0,11.643906696064949,287.4379689419308,100015.9291031489,1.2121810406271434,339.87158836639134
45.65,109.56459560720903,9.512635976204814,-1.3382988252991337,-2.3583231951412573,0.0,0.0,0.0,0.0,9.891560809817854,287.4378301285531,100015.67523648168,1.2121785491950794,339.87150629872116
45.7,109.3800608555476,9.396482837952592,-0.49738848950715675,-3.2478217986798126,0.0,0.0,0.0,0.0,9.954377502858305,287.43902960443893,100017.86889635555,1.212200077600219,339.8722154385908
45.75,108.92661304911789,8.747120213009222,0.553902458039643,-2.838953757611865,0.0,0.0,0.0,0.0,9.212957092688285,287.4419770151807,100023.2594300472,1.2122529794914796,339.8739579654356
45.8,109.00654615663939,10.095677971843559,-0.7444415098408829,-3.7531841872600635,0.0,0.0,0.0,0.0,10.796448416782273,287.44145744998184,100022.30917767495,1.2122436538962338,339.87365079603364
45.85,109.04182909550434,10.13402326481838,-1.2565018678930302,-2.4826136363184794,0.0,0.0,0.0,0.0,10.509072030542626,287.4412281108792,100021.88973307288,1.212239537541677,339.87351520958356
45.9,108.71150242757786,9.774208569652844,-1.3313607974811803,-2.675172366518205,0.0,0.0,0.0,0.0,10.220774037553488,287.4433752342207,100025.81672184891,1.2122780761809575,339.8747845977637
45.95,109.00997012241066,10.840258494684354,-1.608682497009367,-4.060682376619236,0.0,0.0,0.0,0.0,11.68709566023769,287.4414351942043,100022.26847340795,1.212243254431957,339.8736376383065
46.0,108.73710012734878,10.578208019774607,-1.9102273122474167,-3.3170682694105635,0.0,0.0,0.0,0.0,11.24946199593608,287.4432088491722,100025.5124068678,1.2122750897082308,339.87468623040587
46.05,107.84069826992628,10.216493015484932,-0.48629781364357594,-2.4651753833081904,0.0,0.0,0.0,0.0,10.520946001642418,287.44903546124544,100036.16961230784,1.2123796758837255,339.8781309246164
46.1,107.74720221252,9.259572201672567,-1.1348043969551402,-1.819112924088294,0.0,0.0,0.0,0.0,9.50455839099961,287.4496431856186,100037.2812277583,1.2123905847761232,339.87849020937546
46.15,107.73677881288289,11.702637288652806,-0.5070085208395607,-1.0830029918624147,0.0,0.0,0.0,0.0,11.763573973514765,287.44971093771625,100037.40515672762,1.2123918009576744,339.87853026418134
46.2,107.6962534280813,10.493111792214144,-1.1874626286009173,-3.4900563860439506,0.0,0.0,0.0,0.0,11.12186837523235,287.44997435271745,100037.88698431302,1.2123965293878862,339.87868599417436
46.25,107.55847153860653,7.253650621810902,-1.9081507040285082,-3.571273608676185,0.0,0.0,0.0,0.0,8.307254759582687,287.45086993499905,100039.52515962096,1.212412605640548,339.8792154586362
46.3,107.97393351597928,6.868215445864402,-1.9502460287089691,-2.9977608014391492,0.0,0.0,0.0,0.0,7.743540069370761,287.44816943214613,100034.5855375745,1.2123641304492794,339.8776189302505
46.35,108.60584454201702,11.297827708105725,-1.3396260366913082,-1.9355320540927723,0.0,0.0,0.0,0.0,11.540441636811103,287.44406201047684,100027.07283004679,1.2122904033010147,339.87519062171975
46.4,107.24148314340574,8.217756297714937,-2.5266949167592085,-2.611883534256472,0.0,0.0,0.0,0.0,8.98541269878743,287.45293035956786,100043.29411595824,1.2124495921477387,339.8804335698063
46.45,107.3015010075915,9.653408704717783,1.1417007548029339,-0.23940381513486342,0.0,0.0,0.0,0.0,9.723635864250564,287.45254024345064,100042.5805014851,1.2124425891400632,339.8802029357337
46.5,107.10991459266447,9.440514375664101,-0.5364034734985059,-2.112062508681178,0.0,0.0,0.0,0.0,9.688748546849508,287.45378555514765,100044.85848498123,1.2124649439447623,339.8809391552389
46.55,106.81293178890178,9.153086605288104,-0.8508240175146055,-1.7938671953729295,0.0,0.0,0.0,0.0,9.365941246202611,287.4557159433721,100048.38972612111,1.2124995972994106,339.88208038401046
46.6,106.86387032841611,10.892467662232868,-0.7971699690686537,-2.1403409193618113,0.0,0.0,0.0,0.0,11.129348183225657,287.45538484286527,100047.78403988724,1.2124936534964674,339.8818846405355
46.65,106.86336769477307,7.950460869464885,-0.4873207358644741,-1.9105272713143746,0.0,0.0,0.0,0.0,8.191301727499223,287.45538810998397,100047.79001645319,1.2124937121465547,339.88188657202556
46.7,106.57131520198655,8.185351639825301,-1.7294049948479286,-2.0405106417004313,0.0,0.0,0.0,0.0,8.611301108583326,287.4572864511871,100051.26271584716,1.2125277908216534,339.8830088517791
46.75,106.53615555272494,9.224226671858068,-1.8447297773942881,-2.3523869675303004,0.0,0.0,0.0,0.0,9.696551453502908,287.4575149889073,100051.6807941657,1.2125318935385485,339.8831439606739
46.8,106.55170490214056,9.05857007088546,0.659751711137614,-0.9513089171611319,0.0,0.0,0.0,0.0,9.132247954658324,287.45741391813607,100051.49589891991,1.2125300791113305,339.8830842087928
46.85,105.48594447658233,8.87936630422161,-0.18241445345855645,-1.900058926685574,0.0,0.0,0.0,0.0,9.082215859703746,287.4643413609022,100064.1693548118,1.2126544456962292,339.88717960921355
46.9,105.75190636789016,10.673416656949739,-0.33713144511676474,-1.8533545816026118,0.0,0.0,0.0,0.0,10.838376444342854,287.4626126086087,100061.00655580492,1.2126234089405215,339.8861576013674
46.95,105.55353794885,8.674400673669016,-0.029169110245495428,-2.4142505589949126,0.0,0.0,0.0,0.0,9.004148135495619,287.46390200333246,100063.36553060057,1.212646557733804,339.88691986906355
47.0,105.6602436263713,8.603232798676963,-0.06534806002112908,-1.9637975878543503,0.0,0.0,0.0,0.0,8.824759822411155,287.4632084164286,100062.09659315963,1.2126341055702108,339.8865098327825
47.05,105.25909306643618,8.203272810249098,-1.0027853159320514,-1.7077836432480662,0.0,0.0,0.0,0.0,8.438944730318283,287.46581589506815,100066.86711885885,1.2126809188856396,339.8880513253607
47.1,105.22137185970446,9.57554755766162,-0.5043438965291687,-0.7941630504920256,0.0,0.0,0.0,0.0,9.6216510405321,287.4660610829119,100067.31571298809,1.2126853209317867,339.88819627546616
47.15,104.95276871763227,10.011468056700318,-0.049798878381897005,-1.310291251468269,0.0,0.0,0.0,0.0,10.09697161243376,287.4678070033354,100070.51008504217,1.2127166671389216,339.88922842660133
47.2,104.52855863604915,9.164104053807183,-0.5484589711906901,-2.896317002924006,0.0,0.0,0.0,0.0,9.626539489012211,287.47056436886567,100075.5551861239,1.2127661740661526,339.8908585162538
47.25,104.38789180285941,9.270539944759468,-1.1572909532602917,-3.6164901796376494,0.0,0.0,0.0,0.0,10.018045439969542,287.4714787032814,100077.22817248588,1.2127825907610428,339.8913990475306
47.3,103.9091701089021,9.324884006981137,-1.020605261576329,-2.71625538636171,0.0,0.0,0.0,0.0,9.765917272204842,287.47459039429214,100082.92190082069,1.2128384618359351,339.8932385937593
47.35,103.6507895677439,10.580769054145168,-1.3505998249054145,-1.7783273448288863,0.0,0.0,0.0,0.0,10.813844913330167,287.47626986780966,100085.99508677167,1.2128686179588668,339.89423144822075
47.4,103.5349681259648,10.315343632467519,-1.9002189301425414,-1.7153216985076214,0.0,0.0,0.0,0.0,10.62823949521892,287.4770227071812,100087.37269529708,1.2128821359030981,339.89467650337644
47.45,102.9616811913624,10.583240913275736,-1.0211316301165225,-1.727489795208299,0.0,0.0,0.0,0.0,10.771811315976839,287.4807490722561,100094.19173624847,1.2129490480159832,339.8968794056038
47.5,102.82901871197656,7.522755157977341,-2.3386816905103656,-3.479634216640738,0.0,0.0,0.0,0.0,8.61215022500305,287.4816113783721,100095.76976210625,1.2129645323344385,339.8973891700647
47.55,102.62859914749251,7.749885116838542,-1.3450648938202947,-2.686400420931509,0.0,0.0,0.0,0.0,8.311838912921997,287.4829141055413,100098.15379959079,1.2129879255231069,339.8981592942125
47.6,102.28561361523495,9.150400611160427,-0.9817409787115638,-1.4387103057689516,0.0,0.0,0.0,0.0,9.314694521986883,287.48514351150095,100102.23379919803,1.2130279599667204,339.899477232559
47.65,102.46752308968833,9.517150448552307,-1.2334004702407624,-0.779253602105335,0.0,0.0,0.0,0.0,9.628326207434169,287.483961099917,100100.0698702085,1.2130067267452245,339.8987782373212
47.7,102.00521693877049,8.888912843341789,-2.039249890648077,-1.8671900814837399,0.0,0.0,0.0,0.0,9.309012324270823,287.486966089898,100105.56937033759,1.2130606895761529,339.90055466643076
47.75,102.1151079041387,7.755717303134011,-2.9057844082469493,-2.2561549715631957,0.0,0.0,0.0,0.0,8.583994942277908,287.4862517986231,100104.2621075547,1.213047862352254,339.90013240702433
47.8,101.52303725698012,7.328626236693594,-1.4688503849238403,-1.34700703874701,0.0,0.0,0.0,0.0,7.594781888433572,287.4901002578296,100111.30554261178,1.2131169741078944,339.9024074504533
47.85,100.97460761599433,8.57922060943511,-1.9059023441274787,-2.660282285369466,0.0,0.0,0.0,0.0,9.182188837557053,287.493665050496,100117.83017028074,1.2131809943843133,339.9045147888489
47.9,101.48831693449205,10.060091645834312,-2.5978029067845574,-2.0998348504003297,0.0,0.0,0.0,0.0,10.600157086762412,287.49032593992575,100111.71859756147,1.213121027066464,339.9025408635216
47.95,100.93523546947893,6.343332292105394,-3.1752325855553565,-1.902092546484113,0.0,0.0,0.0,0.0,7.344244181386539,287.49392096944837,100118.2985910995,1.2131855905440563,339.90466607563985
48.0,100.51323148556615,5.4654040742407854,-1.9085831262100161,-2.399674129698984,0.0,0.0,0.0,0.0,6.266719011821733,287.4966639953438,100123.319395326,1.2132348545754148,339.9062876144082
48.05,100.45659416437574,9.329064228318432,-2.7507860057713756,-2.327432975299342,0.0,0.0,0.0,0.0,10.000760335101976,287.4970321379315,100123.99325495963,1.2132414664369815,339.9065052411774
48.1,99.947387567799,10.756380074223365,-2.494344578664552,-1.227922608898468,0.0,0.0,0.0,0.0,11.109872236515896,287.5003419808093,100130.05185915952,1.2133009126391612,339.90846184204923
48.15,99.6071801208415,5.811033480989748,-3.4079489390905824,-2.9594015978270276,0.0,0.0,0.0,0.0,7.358008147987715,287.5025533292145,100134.09985561948,1.213340630649686,339.9097690658676
48.2,99.35307572890422,7.816990834430097,-2.7691294844252528,-2.6332716080325294,0.0,0.0,0.0,0.0,8.701008169674802,287.5042050077621,100137.1234316734,1.2133702970834204,339.9107454413134
48.25,99.22545173342411,8.815336098685881,-3.5504511983548683,-2.931919448130812,0.0,0.0,0.0,0.0,9.945451517906143,287.5050345637327,100138.64205140449,1.213385197266651,339.91123582507134
48.3,98.40643484229493,9.784410157807407,-2.6044991850282435,-1.8491293132084345,0.0,0.0,0.0,0.0,10.292588467338247,287.51035817352505,100148.38811720042,1.213480821345011,339.9143828071924
48.35,98.76266303399561,10.905012635515067,-2.653850758093538,-1.6424831498230539,0.0,0.0,0.0,0.0,11.342838063043551,287.508042690279,100144.14900964302,1.2134392293179124,339.91301404321433
48.4,99.17922133880965,9.708552740772154,-2.820047221408885,-2.5404975787647475,0.0,0.0,0.0,0.0,10.424144597953351,287.5053350612977,100139.19215937129,1.2133905947293768,339.9114134610424
48.45,98.89994148621756,8.385123930495478,-1.9942523570542545,-2.430217218894865,0.0,0.0,0.0,0.0,8.955071274110413,287.50715038033957,100142.51543790015,1.2134232014303654,339.9124865658028
48.5,99.19401072458079,8.895691071971372,-2.360979124663058,-2.424995470536686,0.0,0.0,0.0,0.0,9.517780471684004,287.5052389302902,100139.01617620456,1.2133888680460665,339.91135663421977
48.55,99.01857874369013,9.93263218788338,-2.6722989874315086,-1.898547937139819,0.0,0.0,0.0,0.0,10.459581651654252,287.506379238166,100141.1037080748,1.2134093501180838,339.91203071448024
48.6,98.81954895482504,10.780969525516227,-2.5638146096893526,-0.5382370313688543,0.0,0.0,0.0,0.0,11.094690097740582,287.5076729317936,100143.4720819042,1.2134325876066665,339.9127954653956
48.65,98.09921499737969,7.694197045044606,-2.2873267355431666,-1.9576677712594517,0.0,0.0,0.0,0.0,8.262263301646326,287.512355102517,100152.04414321137,1.2135166921952947,339.91556325806636
48.7,98.5853558813318,7.946403712333628,0.16800541606387942,-0.569379290545372,0.0,0.0,0.0,0.0,7.968547581317338,287.5091951867713,100146.25894265385,1.2134599309791145,339.91369532531013
48.75,98.49483844217544,9.71606005951281,-1.0094295230921233,-1.6110629116954833,0.0,0.0,0.0,0.0,9.90031791144056,287.50978355012586,100147.33610277352,1.2134704995309282,339.91404312750757
48.8,97.97298995797895,9.075767387416041,-2.098872082089291,-2.1769083572943853,0.0,0.0,0.0,0.0,9.566281810793395,287.5131755652731,100153.54629763924,1.213531430408977,339.9160482595906
48.85,97.45581869751553,9.347143660213503,-1.52187605922114,-1.1496061739317085,0.0,0.0,0.0,0.0,9.539748198953777,287.51653717846614,100159.70113941409,1.2135918174849314,339.91803540840573
48.9,97.01146736914103,9.51500429339526,-2.112429544868742,-1.8402951884151053,0.0,0.0,0.0,0.0,9.918888630580966,287.51942546210057,100164.9895976843,1.213643703637648,339.91974274886473
48.95,97.16834137965635,10.014339148536497,-1.6239836998062323,-1.6562186913575112,0.0,0.0,0.0,0.0,10.27946360433019,287.5184057810322,100163.12253196651,1.2136253855310808,339.91913998953254
49.0,96.89420557619296,9.929826975886487,-1.964796385488837,-2.4153038846440262,0.0,0.0,0.0,0.0,10.406516298101373,287.5201876637547,100166.38522950512,1.2136573963818076,339.920193304889
49.05,96.77990785287776,7.806446188735651,-1.0667115465735753,-2.3355992933075913,0.0,0.0,0.0,0.0,8.217876835297405,287.5209305989563,100167.74559857915,1.2136707431231613,339.9206324714676
49.1,96.51591960837241,9.762512838039376,-1.7375590802246843,-1.3940451259810738,0.0,0.0,0.0,0.0,10.013447472445565,287.52264652254553,100170.8876382343,1.213701569912806,339.92164679233855
49.15,95.75718636089813,8.585852485588221,-2.6343625271527418,-2.2597812192381723,0.0,0.0,0.0,0.0,9.260849852339124,287.5275782886541,100179.91867387595,1.2137901730649623,339.9245620529082
49.2,96.03139933356415,9.093113889341447,-1.4161042896958314,-1.8108304766487098,0.0,0.0,0.0,0.0,9.379188588518149,287.5257959043318,100176.65470085286,1.213758150523357,339.92350845458424
49.25,95.22040952749914,8.58760103242962,-1.9882958400083859,-1.7695166685052193,0.0,0.0,0.0,0.0,8.990628514163998,287.53106733807124,100186.30820913543,1.2138528596379288,339.9266244811528
49.3,94.91668342256943,8.883302333725002,-2.1400569534524307,-2.287094325665066,0.0,0.0,0.0,0.0,9.419326120847154,287.5330415577533,100189.92376592541,1.2138883308736486,339.92779146579693
49.35,95.23530103449464,9.248872851589072,-2.2157391020861845,-1.8914972427188093,0.0,0.0,0.0,0.0,9.696850551214446,287.53097054327577,100186.13094329253,1.2138511205251148,339.9265672644994
49.4,95.18895671057906,9.739686628913041,-1.3946858735140935,-1.180196037540727,0.0,0.0,0.0,0.0,9.90956643866088,287.53127178138124,100186.68261869218,1.2138565328786735,339.9267453302015
49.45,95.12302186553796,8.929854678703071,-2.3918489605615734,-2.325356035941868,0.0,0.0,0.0,0.0,9.532603355158857,287.531700357874,100187.46750075289,1.2138642331564562,339.92699866709444
49.5,94.50907070714553,9.343833350744976,-2.99988198592028,-2.3832543460139997,0.0,0.0,0.0,0.0,10.098832352987037,287.53569104040355,100194.77615539065,1.2139359359526527,339.9293576000858
49.55,94.2690007215184,9.514235971615063,-2.168501245397242,-2.2086362130523023,0.0,0.0,0.0,0.0,10.005056606360077,287.5372514953101,100197.63413631286,1.2139639743886765,339.93027999638434
49.6,93.65091103915678,8.741257654262743,-2.81055289264149,-2.8634346200527,0.0,0.0,0.0,0.0,9.618110561012427,287.5412690782455,100204.99266320268,1.214036165067969,339.9326548074993
49.65,92.98823171016257,8.915308426513056,-3.1784711100816745,-2.0926883826871223,0.0,0.0,0.0,0.0,9.693541540866898,287.5455764938839,100212.88252812023,1.2141135673077441,339.9352009215832
49.7,92.80334978310015,7.839030943058766,-2.86198050810978,-2.611748411867377,0.0,0.0,0.0,0.0,8.74428775383821,287.5467782264098,100215.0838234357,1.2141351625514392,339.93591126247213
49.75,91.90289991997749,10.004691938250584,-2.251515678375252,-2.0793419761012597,0.0,0.0,0.0,0.0,10.463596259548746,287.55263115052014,100225.80558290136,1.2142403443353602,339.93937088907416
49.8,92.2291638652343,10.537833504605777,-1.806330938847523,-0.922071269911857,0.0,0.0,0.0,0.0,10.731215302016203,287.55051043487595,100221.92061350576,1.214202232553333,339.93811735147267
49.85,91.87685036921903,8.964863808472359,-2.6107053615280145,-2.8587442958944274,0.0,0.0,0.0,0.0,9.765090093720465,287.55280047260004,100226.11577170398,1.214243387293941,339.9394709737658
49.9,91.5679803280906,8.957746741526874,-2.222950003183042,-3.3018721468324426,0.0,0.0,0.0,0.0,9.80230039715243,287.5548081278674,100229.79374575528,1.214279468159014,339.9406576776983
49.95,91.78584413001279,9.106067290313772,-2.6466725175539216,-2.7566488229162727,0.0,0.0,0.0,0.0,9.875446807298559,287.5533920131549,100227.19944779437,1.2142540181647774,339.9398206276025
50.0,91.01296802664615,8.816438633354675,-3.471725554805905,-1.9507568116726126,0.0,0.0,0.0,0.0,9.674085002825246,287.5584157078268,100236.40301631474,1.2143443043616677,339.9427900698945
50.05,90.94446867067118,8.87441493936447,-3.45672169339802,-2.395170263300331,0.0,0.0,0.0,0.0,9.820438176162098,287.5588609536406,100237.2187538287,1.2143523065987658,339.94305324780436
50.1,91.06130028672483,8.835956618789995,-1.9236554530576404,-2.358996602235603,0.0,0.0,0.0,0.0,9.345557481529726,287.5581015481363,100235.82744570455,1.2143386581108921,339.9426043748408
50.15,90.78503562095806,7.762238771438143,-1.735263015914544,-2.4408076346458945,0.0,0.0,0.0,0.0,8.3199176912133,287.55989726846377,100239.11741322004,1.2143709320551381,339.9436657966692
50.2,90.65152689484124,8.318299908702038,-3.0580520486055516,-2.9506310795944835,0.0,0.0,0.0,0.0,9.3408789453114,287.5607650751835,100240.70736692744,1.2143865291208895,339.94417874228117
50.25,90.60031249043045,7.130271100903767,-2.2248322014328448,-1.4887011800727699,0.0,0.0,0.0,0.0,7.616224491207307,287.5610979688122,100241.3172840322,1.2143925122493802,339.9443755097686
50.3,90.95569562466184,7.7390014559840115,-2.388694606851644,-1.791064972661805,0.0,0.0,0.0,0.0,8.29493334492935,287.5587879784397,100237.08505515906,1.2143509950399085,339.9430101133064
50.35,90.9324964709273,8.83306405954299,-2.4200977668113413,-1.7987372111740967,0.0,0.0,0.0,0.0,9.333560383678766,287.558938772939,100237.36132758176,1.214353705220159,339.9430992455664
50.4,90.81151041530042,7.641773901034156,-2.9307643550285785,-3.5171289122353926,0.0,0.0,0.0,0.0,8.908214402702429,287.5597251823005,100238.80212765982,1.214367839173577,339.94356407940876
50.45,90.41422982517498,8.320103602710832,-1.4243178114216157,-1.5195440343037026,0.0,0.0,0.0,0.0,8.576818714416355,287.56230750613634,100243.5333850917,1.21441425156727,339.94509044475257
50.5,90.32413937326064,8.066990267430517,-1.5222462596662047,-1.2142940496102963,0.0,0.0,0.0,0.0,8.298679153263212,287.5628930940738,100244.60630716005,1.214424776593199,339.9454365743353
50.55,89.96518724324405,8.755475178465902,-1.399570731588822,-0.7514347506400243,0.0,0.0,0.0,0.0,8.89841547793325,287.5652262829189,100248.88129937115,1.2144667127010005,339.94681567315297
50.6,89.79314186952465,9.680815927743708,-1.47464274871407,-1.8795741380668214,0.0,0.0,0.0,0.0,9.971236994660236,287.56634457784804,100250.9303509197,1.2144868130255646,339.9474766717644
50.65,89.57220045569287,7.884968994850145,-1.4696078506630825,-2.5528486966698005,0.0,0.0,0.0,0.0,8.417215676966308,287.56778069703796,100253.56180153061,1.214512626322683,339.9483255271581
50.7,89.22206859577122,7.091004666210214,-1.6004817963854168,-1.136257204450085,0.0,0.0,0.0,0.0,7.357647014599221,287.57005655412746,100257.73204733906,1.2145535342154234,339.9496707270169
50.75,88.88050752677121,10.951401743650994,-2.510277774850538,-1.126320335919334,0.0,0.0,0.0,0.0,11.291735568851054,287.57227670107596,100261.80034608363,1.2145934417497373,339.95098299293295
50.8,89.10300004357127,9.638655698723008,-2.4086479421957026,-2.5474223241715688,0.0,0.0,0.0,0.0,10.25644329607768,287.57083049971675,100259.15024543444,1.2145674459104645,339.9501281848871
50.85,88.594950485148,8.651948390485444,-0.7477112257098546,-2.9322336287077237,0.0,0.0,0.0,0.0,9.165875685497848,287.5741328218465,100265.20168921568,1.2146268066189976,339.95208008940824
50.9,88.49307698924639,9.891558450343506,-1.3141355718301195,-2.143451985572765,0.0,0.0,0.0,0.0,10.206089716055171,287.57479499956986,100266.41515315542,1.2146387098251301,339.95247148164276
50.95,88.10720517268176,9.692735873934344,-1.383553906293699,-1.169818174444171,0.0,0.0,0.0,0.0,9.860619894039838,287.57730316637753,100271.01156476849,1.2146837970597193,339.9539539753467
51.0,87.91256583649525,8.734149994641358,-2.374032397111666,-2.1507269918648824,0.0,0.0,0.0,0.0,9.30306576054182,287.5785683220628,100273.33012613172,1.214706540200037,339.9547017642018
51.05,87.19778293954103,9.153933849824398,-1.9737813587372124,-1.1467432554913337,0.0,0.0,0.0,0.0,9.434264034521945,287.58321441089294,100281.84505704099,1.2147900636647233,339.9574478891521
51.1,87.79848526153918,8.89350596317717,-2.8971183956398665,-2.845098609435024,0.0,0.0,0.0,0.0,9.776621574594769,287.57930984579997,100274.68908442912,1.2147198703934503,339.9551400519363
51.15,87.17790403129389,7.714701038978592,-2.08304222999796,-2.1952733068036983,0.0,0.0,0.0,0.0,8.28703215538211,287.58334362379657,100282.08187511846,1.2147923866080708,339.9575242616276
51.2,86.83367868920023,9.626958159917619,-0.9295607168659501,-1.3052106071541723,0.0,0.0,0.0,0.0,9.759404759931444,287.5855810885202,100286.18271457471,1.2148326114871788,339.958846733018
51.25,86.77059766042366,11.501523891931532,-1.33028162029348,-1.5970025050848908,0.0,0.0,0.0,0.0,11.687819216056086,287.5859911152072,100286.93422879447,1.214839983009477,339.9590890820075
51.3,86.62696251241422,10.488384677659878,-1.852271898004607,-0.8493735888999712,0.0,0.0,0.0,0.0,10.684500916010487,287.5869247436693,100288.64543946277,1.2148567680519928,339.95964090865016
51.35,86.16012231897403,10.738054923913975,-2.432663003212137,-0.8514910797979022,0.0,0.0,0.0,0.0,11.04303897915631,287.58995920492663,100294.20734674335,1.2149113236995486,339.9614344387961
51.4,86.09584887725086,10.963250389451344,-1.7354297453804377,-1.114261813149048,0.0,0.0,0.0,0.0,11.15554368424948,287.59037698229787,100294.97311640126,1.214918834937459,339.96168136699765
51.45,85.88804754972011,9.068741129855729,-1.883480673665521,-2.7151690581452965,0.0,0.0,0.0,0.0,9.652031296194501,287.5917276909268,100297.44894513393,1.2149431196309912,339.9624797049709
51.5,85.63915696621844,10.012499780289588,-2.2967045562532062,-2.1047029075212493,0.0,0.0,0.0,0.0,10.485932385722391,287.5933454797196,100300.41439295028,1.2149722067074882,339.96343589853143
51.55,85.03232893607688,13.008443666873942,-3.531833642795949,-1.4178259700003408,0.0,0.0,0.0,0.0,13.553733286287786,287.5972898619155,100307.64484294769,1.2150431270646977,339.96576721312397
51.6,84.6383361548357,12.41396325899502,-2.836533218547804,-0.9026248593537191,0.0,0.0,0.0,0.0,12.765858221534765,287.59985081499354,100312.3395539475,1.2150891749338681,339.96728084776254
51.65,84.52965028681108,7.882528917419051,-3.2701711299710685,-3.562265812893544,0.0,0.0,0.0,0.0,9.247595313104586,287.6005572731357,100313.63465654886,1.2151018778193894,339.96769839406073
51.7,84.0059471025686,6.1556169735313695,-1.5960120874886072,-2.1277213891740288,0.0,0.0,0.0,0.0,6.705674702681744,287.6039613438333,100319.87530215616,1.2151630881359563,339.96971033497425
51.75,83.78410310012615,8.07846191702121,-2.9643628754471854,-3.77249572380995,0.0,0.0,0.0,0.0,9.395781935967642,287.60540332984914,100322.51897414868,1.2151890179269489,339.9705626023619
51.8,82.93990720709388,11.077031597880106,-4.052831790449658,-2.9273731776232093,0.0,0.0,0.0,0.0,12.153007375262368,287.61089060315385,100332.5796088199,1.2152876939398798,339.97380576551694
51.85,82.89918039023634,9.647993979997487,-3.0084456467203946,-1.0750213557036876,0.0,0.0,0.0,0.0,10.163178831574186,287.61115532746345,100333.06498794458,1.215292454553839,339.9739622257089
51.9,82.64312475016426,5.861078071229602,-3.508708133435497,-2.086361519954023,0.0,0.0,0.0,0.0,7.142560697301058,287.6128196891239,100336.1166832629,1.2153223855786222,339.97494591288375
51.95,82.2341070474835,7.024699958896911,-3.186122951739153,-2.892636777278025,0.0,0.0,0.0,0.0,8.238029891994,287.61547830419136,100340.99155081762,1.215370197915644,339.9765172274482
52.0,81.9452914117936,8.787111155221858,-2.64806464942779,-2.703342025839822,0.0,0.0,0.0,0.0,9.567320782248565,287.6173556058233,100344.43390847884,1.2154039600363524,339.977626759927
52.05,81.65239991448618,9.470308822151255,-2.971371061137429,-2.7804789876512483,0.0,0.0,0.0,0.0,10.307611681211656,287.6192594005558,100347.92494348777,1.2154381993520278,339.9787519467965
52.1,81.72066620228874,7.5659419340608505,-3.423926711243124,-3.269833985010796,0.0,0.0,0.0,0.0,8.92516474711118,287.6188156696851,100347.11125453716,1.2154302188871926,339.97848969188675
52.15,81.88212827429363,7.486855838563536,-2.696722338793177,-2.1850870024600044,0.0,0.0,0.0,0.0,8.252267986941451,287.61776616621705,100345.18675480661,1.2154113438093364,339.97786941096274
52.2,82.03973848630346,8.477566453251807,-3.7390767516678056,-2.700036523860263,0.0,0.0,0.0,0.0,9.650907996367105,287.616741699839,100343.30819501533,1.2153929192340578,339.9772639264489
52.25,81.7827662574902,8.618875792717672,-3.4769221425797077,-2.6399524917792925,0.0,0.0,0.0,0.0,9.661436574066377,287.6184120193263,100346.371067637,1.2154229593020334,339.978251125284
52.3,81.14558966151642,6.909359053044427,-3.4210065561582805,-3.598058981940734,0.0,0.0,0.0,0.0,8.508146497251285,287.6225536672001,100353.96595320394,1.215497447732255,339.9806989260386
52.35,81.15615291699253,8.225866281591529,-2.69001206863847,-2.9961036602819706,0.0,0.0,0.0,0.0,9.158475755015138,287.62248500603954,100353.84003970583,1.2154962128180056,339.98065834599635
52.4,81.37373934263286,9.359316324756396,-3.802628806124394,-3.44087490733477,0.0,0.0,0.0,0.0,10.672226011097434,287.6210706942729,100351.24644841473,1.2154707757429668,339.97982245996224
52.45,80.9530723283598,9.411673564430542,-3.6948996162514605,-3.165947860351578,0.0,0.0,0.0,0.0,10.595051123616187,287.62380502986565,100356.260772984,1.2155199544466748,339.9814385041514
52.5,80.75805497061546,9.324240222359952,-2.3090249829503935,-2.272469880612186,0.0,0.0,0.0,0.0,9.87102686930057,287.62507264269095,100358.5854365512,1.2155427537577037,339.9821876847642
52.55,80.11636572625483,8.394017331693188,-3.2988982284592447,-3.137541153461997,0.0,0.0,0.0,0.0,9.549158129184207,287.6292436227793,100366.23486657231,1.215617775402926,339.984652792867
52.6,79.31757937606085,9.276002453050014,-3.0963800017864087,-3.1215421512306687,0.0,0.0,0.0,0.0,10.26527233084259,287.63443573405556,100375.75767472171,1.2157111686498134,339.9877213789417
52.65,78.92198504362429,9.142847465404813,-3.826234766493865,-4.010493391619349,0.0,0.0,0.0,0.0,10.69185622369699,287.63700709721644,100380.47406140897,1.2157574231490134,339.9892410682408
52.7,78.45902032838427,8.407920046418981,-3.7141988859083783,-3.2529924748746843,0.0,0.0,0.0,0.0,9.750402705152672,287.6400163678655,100385.99388460006,1.2158115565773209,339.99101955456723
52.75,78.35307087146705,8.765269712326512,-2.9134008545461034,-2.316522696692833,0.0,0.0,0.0,0.0,9.522821802039115,287.64070503933544,100387.25713047941,1.2158239452695494,339.9914265597851
52.8,77.91114355946299,9.60670567498781,-2.4009474553271586,-2.3192050955956667,0.0,0.0,0.0,0.0,10.170155106217498,287.6435775668635,100392.52641245768,1.2158756209644066,339.993124219881
52.85,78.04636005357061,8.807235173897213,-2.9360982604570713,-3.312076413453961,0.0,0.0,0.0,0.0,9.856871439353837,287.6426986596518,100390.91414653836,1.2158598095742972,339.9926047877428
52.9,78.78095776899286,10.735855548361473,-3.095190179101183,-3.1728053719033484,0.0,0.0,0.0,0.0,11.61488228644901,287.63792377450153,100382.15547155593,1.2157739129573986,339.98978282774755
52.95,78.50566964283315,11.001106221152808,-1.9770387714442512,-2.122923669843069,0.0,0.0,0.0,0.0,11.377162445041415,287.6397131473216,100385.43768428016,1.2158061018938153,339.9908403509043
53.0,77.98127324731635,10.232710228158732,-0.8770163527579873,-1.1531272970605395,0.0,0.0,0.0,0.0,10.334757803630204,287.6431217238924,100391.69021225673,1.215867420407845,339.99285481783386
53.05,78.14209788840752,9.007135670358249,-1.8983494263522878,-2.050332094915929,0.0,0.0,0.0,0.0,9.43059304753494,287.6420763637253,100389.77262060922,1.215848614672347,339.9922370118034
53.1,77.92018073201501,8.26839824949854,-2.242301982894025,-2.2022947984391235,0.0,0.0,0.0,0.0,8.845588175697138,287.64351882524187,100392.41865627136,1.215874564207795,339.9930895037426
53.15,77.50580893444193,7.642485176314776,-2.3598269976518216,-2.3862955706960522,0.0,0.0,0.0,0.0,8.346901801253031,287.6462122419261,100397.35958161445,1.215923019259784,339.99468130202104
53.2,76.71465365349823,8.779378313618205,-2.061220626522501,-1.9381130569346725,0.0,0.0,0.0,0.0,9.224011939838983,287.65135475125226,100406.7937801069,1.216015538033128,339.997720483367
53.25,76.77832419243454,10.327374021402042,-2.0288051973166517,-2.4596918107791876,0.0,0.0,0.0,0.0,10.808366597715079,287.65094089274913,100406.03450878574,1.216008092114543,339.99747589735
53.3,76.5174802541329,11.36084934070311,-1.3196848439644393,-2.7325721928229942,0.0,0.0,0.0,0.0,11.759141831721106,287.6526363783481,100409.14510283302,1.2160385965966474,339.9984779103677
53.35,75.95921187785186,9.763855404042673,-1.3775673877044392,-2.715911642720174,0.0,0.0,0.0,0.0,10.22774365682789,287.65626512279397,100415.80277982593,1.2161038854469741,340.0006224478085
53.4,75.80225744046804,9.222533675449004,-1.4735791609108204,-1.8103211090521298,0.0,0.0,0.0,0.0,9.513349854606489,287.65728532663695,100417.67461768868,1.2161222415724886,340.0012253716383
53.45,75.49629216058415,8.465208949987439,-2.4786344272086187,-1.355115177099713,0.0,0.0,0.0,0.0,8.924109386033836,287.65927410095617,100421.32363936318,1.2161580254140651,340.0024007017469
53.5,75.65013000315913,9.390179363512507,-3.0463255076852476,-2.6383330197038863,0.0,0.0,0.0,0.0,10.21843279082315,287.65827415497944,100419.48891573567,1.216140033373283,340.0018097520388
53.55,75.50634462841954,7.549529890638543,-2.9730480673104305,-3.5866094998694313,0.0,0.0,0.0,0.0,8.871199698165787,287.65920875991526,100421.20374930589,1.2161568497256596,340.0023620864231
53.6,75.73101923101184,8.188325104862622,-2.3035834447956214,-1.808433307035434,0.0,0.0,0.0,0.0,8.696297817810466,287.6577483749984,100418.52421355298,1.216130573089029,340.001499025314
53.65,75.41700418374158,9.900744513811398,-1.991541916266437,-1.3931628481045182,0.0,0.0,0.0,0.0,10.194698811311268,287.65978947280564,100422.26926595764,1.2161672985858851,340.00270527664395
53.7,74.99809385804221,9.488100834965627,-1.641849884238299,-2.3149751536747973,0.0,0.0,0.0,0.0,9.903476079588438,287.6625123899227,100427.26551192136,1.2162162933865446,340.00431446400535
53.75,75.1690071937822,9.725740347786552,-2.4602346894042006,-1.666508572278856,0.0,0.0,0.0,0.0,10.169563946452667,287.6614014532404,100425.22704403415,1.2161963035684538,340.00365792446075
53.8,74.62218909734577,9.33693699342647,-3.1920458378369796,-1.1936265627400708,0.0,0.0,0.0,0.0,9.939431242347158,287.6649557708672,100431.74901186397,1.2162602596394023,340.00575844482165
53.85,74.24691996373797,9.178877809636573,-2.632904317542593,-1.6307901289642623,0.0,0.0,0.0,0.0,9.687283387735718,287.6673950202357,100436.22509220774,1.2163041527614245,340.00719997785654
53.9,74.02257309228897,8.559901561647283,-2.662006508044105,-2.462816643676002,0.0,0.0,0.0,0.0,9.296432606883583,287.6688532749001,100438.90110119415,1.2163303939332208,340.0080617655765
53.95,74.09177849798003,7.1380621830836155,-3.8557151704195176,-2.4736210038241815,0.0,0.0,0.0,0.0,8.481584290421914,287.6684034397631,100438.07561311036,1.2163222991410265,340.0077959258252
54.0,74.08557393044723,8.856502127375105,-2.2779979449201124,-0.6180212580316027,0.0,0.0,0.0,0.0,9.165634448560501,287.6684437694521,100438.14962150615,1.216323024872897,340.007819759531
54.05,73.20389301706084,8.960937631944176,-3.9611057206336593,-2.367420984446418,0.0,0.0,0.0,0.0,10.079357315386098,287.67417469538907,100448.66680506982,1.2164261561278393,340.0112065577192
54.1,72.33121001617342,9.302275529090867,-3.87292526928727,-1.7840834624607331,0.0,0.0,0.0,0.0,10.233026627622568,287.6798471348948,100459.0775346274,1.2165282414739544,340.01455875903343
54.15,72.61173581675516,7.828253101688352,-3.2856222409149733,-1.2993849012372736,0.0,0.0,0.0,0.0,8.588670517353185,287.6780237171911,100455.73088826053,1.2164954252082638,340.01348119041927
54.2,72.82416518205544,7.824472749510977,-3.5471119801004183,-2.164431823676806,0.0,0.0,0.0,0.0,8.85940981818522,287.6766429263166,100453.1966860152,1.2164705754009568,340.0126651946937
54.25,72.94865882856635,8.927325142361523,-3.3962757641458063,-2.455091572784854,0.0,0.0,0.0,0.0,9.862012872346273,287.6758337176143,100451.71154780347,1.2164560124200705,340.0121869817281
54.3,73.3167882548798,7.722556392790175,-4.618276912597618,-3.431721840804679,0.0,0.0,0.0,0.0,9.630320538482218,287.67344087634325,100447.3200776863,1.2164129502654528,340.01077289547175
54.35,73.66711681822537,6.866469126557549,-4.621349771187431,-4.153664677357035,0.0,0.0,0.0,0.0,9.26057245668677,287.6711637406815,100443.14110104724,1.2163719714601682,340.0094271817587
54.4,72.87185161635438,8.664430355905822,-2.8438639582385417,-2.908271690342823,0.0,0.0,0.0,0.0,9.571727108007204,287.67633296449367,100452.62781194587,1.2164649971356183,340.0124820185886
54.45,72.84033866789909,7.630290825725184,-3.2087661005427095,-3.7539283002354566,0.0,0.0,0.0,0.0,9.088976601160697,287.6765377986586,100453.00374454696,1.2164686834561846,340.01260306810235
54.5,72.4580809985123,7.881143149194035,-3.1434197666754033,-3.2526640520878893,0.0,0.0,0.0,0.0,9.086986772487265,287.67902247350963,100457.56396458129,1.2165133998608562,340.0140714168008
54.55,72.1394133741713,8.190714478119885,-3.1467690286912546,-3.8007792619796725,0.0,0.0,0.0,0.0,9.562211144934416,287.6810938130679,100461.3657024561,1.216550678479395,340.01529549515504
54.6,72.21421161290972,8.959383151826104,-2.631933019582013,-4.432933142374594,0.0,0.0,0.0,0.0,10.336755493168765,287.6806076245161,100460.47334123163,1.2165419282964176,340.0150081776748
54.65,71.4751981911134,8.953712834313597,-2.3812034916180926,-5.399874619983074,0.0,0.0,0.0,0.0,10.723700364117956,287.68541121175775,100469.29023309877,1.2166283830146403,340.01784688993763
54.7,70.40808522823475,8.97564094123668,-3.0448156444774166,-5.5327107481989675,0.0,0.0,0.0,0.0,10.974694566961528,287.69234744601647,100482.0226630991,1.2167532292988563,340.0219458625144
54.75,70.4612091851103,8.300820394220045,-2.8410032619381393,-4.255709209422747,0.0,0.0,0.0,0.0,9.7512040090754,287.6920021402968,100481.38877515885,1.2167470138594279,340.02174180502203
54.8,70.35347991408172,9.366653825116074,-3.5816783123574507,-4.212026847655719,0.0,0.0,0.0,0.0,10.876754735588454,287.69270238055844,100482.67423032843,1.2167596180806293,340.0221556100058
54.85,69.33609623761106,9.851791295172145,-3.277277917297743,-3.5322985676142116,0.0,0.0,0.0,0.0,10.967017618368564,287.6993153744555,100494.81458772092,1.2168786559193334,340.0260635150377
54.9,69.28972757929645,8.726001818183137,-2.8637694797429014,-4.732676685486086,0.0,0.0,0.0,0.0,10.331626782524904,287.69961677073456,100495.3679294809,1.2168840814445903,340.02624162210645
54.95,68.85449188805403,8.91585716014964,-2.7528989425410875,-6.447645995083483,0.0,0.0,0.0,0.0,11.34209417902847,287.70244580272765,100500.5619477794,1.2169350086042368,340.0279134052705
55.0,68.35727863140802,9.615779546076661,-4.138739455374757,-5.259398158340083,0.0,0.0,0.0,0.0,11.715530271659626,287.70567768889583,100506.49586032477,1.216993189787097,340.0298232403102
55.05,68.04304692851298,10.754738377156206,-3.5428317535704985,-3.2375269753310523,0.0,0.0,0.0,0.0,11.776996022381097,287.7077201949646,100510.24615491473,1.2170299605641526,340.0310302233466
55.1,67.9291393004233,8.489751472854177,-2.6899437473131145,-3.7192350622483143,0.0,0.0,0.0,0.0,9.651133968751848,287.7084605945472,100511.60564840441,1.2170432900210935,340.0314677483993
55.15,67.58800341913786,8.311276008038716,-1.8679497222871235,-4.055324938168206,0.0,0.0,0.0,0.0,9.43462799483485,287.71067797777556,100515.67721203282,1.2170832103690088,340.032778065481
55.2,67.51567607545887,9.283500859525617,-2.612268347539884,-4.536055002321012,0.0,0.0,0.0,0.0,10.657538604783616,287.7111481055095,100516.54047870068,1.2170916743764308,340.03305587716187
55.25,67.04521173442177,11.767917731669895,-3.366477820984758,-2.121773133076088,0.0,0.0,0.0,0.0,12.422519144150133,287.7142061237262,100522.15587616396,1.2171467309147628,340.03486294046655
55.3,66.3692276812425,11.435009837633439,-3.574000372713693,-3.0582804810364803,0.0,0.0,0.0,0.0,12.364708170903988,287.7186000200719,100530.22477326175,1.2172258419291166,340.0374593924415
55.35,66.08056476358067,9.329048164469457,-1.9331845193579253,-3.564256218389244,0.0,0.0,0.0,0.0,10.172131754514512,287.7204763290367,100533.67056371356,1.2172596256054047,340.03856813948323
55.4,66.48257827859537,8.242720472992563,-1.5235797407326035,-3.1181262690554097,0.0,0.0,0.0,0.0,8.943514267447387,287.7178632411891,100528.87172500484,1.2172125761334947,340.03702401464557
55.45,65.8478401373659,7.895984582115641,-2.2651300259586216,-3.0969659639567197,0.0,0.0,0.0,0.0,8.778871495665808,287.7219890391071,100536.44868430404,1.2172868630637699,340.0394620263154
55.5,65.53079362232153,9.271830134826539,-1.9347500051937712,-2.121205424352075,0.0,0.0,0.0,0.0,9.706163200975732,287.72404984145487,100540.23348673369,1.2173239700773293,340.04067978667706
55.55,65.8551545934015,9.983981372039889,-1.1035724547904495,-2.113948694638054,0.0,0.0,0.0,0.0,10.264820275278746,287.72194149514286,100536.36136797036,1.2172860069925986,340.0394339317913
55.6,65.47270747820905,9.285652618508347,-0.8069349954389462,-1.9722175018151809,0.0,0.0,0.0,0.0,9.527021072346859,287.7244274013916,100540.92691351369,1.2173307685531745,340.04090289228037
55.65,65.5348511080793,8.612255955688502,-1.8335579590941216,-2.141181724060313,0.0,0.0,0.0,0.0,9.061873239628735,287.72402346779745,100540.1850490052,1.2173234951851448,340.0406642020977
55.7,64.74535259411448,7.381396899671884,-2.3348845914888066,-2.3156543089496724,0.0,0.0,0.0,0.0,8.0807772599308,287.72915520813825,100549.6103337582,1.217415901548816,340.0436966089719
55.75,64.80214228631228,8.53106084270361,-0.7899950276590197,-2.18343855151447,0.0,0.0,0.0,0.0,8.841407984810813,287.72878607513894,100548.93233644184,1.217409254455416,340.04347848476095
55.8,64.0407904521946,10.053438458532598,-1.3159841730969926,-2.0404344973182753,0.0,0.0,0.0,0.0,10.342476111705096,287.7337348620607,100558.0222251894,1.2174983711188476,340.0464027585299
55.85,64.35811161392725,9.695909736741214,-2.422440966665942,-2.42316249100155,0.0,0.0,0.0,0.0,10.283511186254009,287.73167227450944,100554.23360145831,1.2174612278905907,340.0451839637743
55.9,64.52333922426553,9.703255178925453,-1.26234134091225,-3.1815043401439294,0.0,0.0,0.0,0.0,10.289248592325604,287.7305982950422,100552.26092897303,1.2174418879326097,340.0445493414482
55.95,64.43598490161948,9.261890888524912,-2.549427950974387,-2.590762827225986,0.0,0.0,0.0,0.0,9.949585807212591,287.73116609813945,100553.30385892473,1.2174521127617868,340.04488486060086
56.0,64.14339956247477,8.735465727383588,-1.5262391666170978,-0.9822572306411234,0.0,0.0,0.0,0.0,8.922028734270928,287.7330679028439,100556.79712151026,1.2174863603733985,340.04600864900016
56.05,63.73141788190116,6.891489417319696,-0.596708602260045,-1.32106348095049,0.0,0.0,0.0,0.0,7.042293395318142,287.73574578376764,100561.7160588006,1.2175345847794043,340.0475910194376
56.1,63.55749708968176,10.12172440498869,-0.8042552962187913,-1.7863267775306104,0.0,0.0,0.0,0.0,10.30956327242636,287.73687626891706,100563.79267920968,1.2175549434701312,340.0482590253767
56.15,63.817814222297294,9.59384439405305,-2.6043922050979686,-2.2425764587963823,0.0,0.0,0.0,0.0,10.19087131646877,287.73518420755505,100560.68449634998,1.2175244715576738,340.04725918244094
56.2,63.43236169054776,5.689950060535543,-2.8156123715991352,-3.147212707375613,0.0,0.0,0.0,0.0,7.08577113262608,287.73768964901143,100565.28682177977,1.2175695916377034,340.0487396524919
56.25,63.10647747981896,6.86045033115945,-2.3886116500379386,-2.404011536878829,0.0,0.0,0.0,0.0,7.651830880936227,287.73980789638114,100569.17803108129,1.2176077398015261,340.0499913238033
56.3,62.87497988226847,8.13228687915832,-3.7867587437183827,-2.579264628195835,0.0,0.0,0.0,0.0,9.33414365061522,287.7413126307652,100571.94229431152,1.2176348395781018,340.0508804677994
56.35,62.45925246813941,10.619095617547224,-0.9890113207840613,-1.277374009734185,0.0,0.0,0.0,0.0,10.741276436624934,287.7440148589571,100576.9065607703,1.2176835069868217,340.052477202224
56.4,62.73600640921865,9.415687396815747,-1.269118631753283,-2.485725623388278,0.0,0.0,0.0,0.0,9.820624375811716,287.74221595834007,100573.60177634077,1.217651108435406,340.05141424081467
56.45,62.40090495969531,8.726683636883592,-2.3622114757733526,-3.1051316934933224,0.0,0.0,0.0,0.0,9.559126172849894,287.74439411776194,100577.60331342631,1.2176903375961377,340.05270130393757
56.5,62.18234852369727,10.207246288953078,-2.532136661294851,-2.6959433069611425,0.0,0.0,0.0,0.0,10.856689329126462,287.74581473459597,100580.21322442856,1.2177159237585948,340.05354073644355
56.55,61.80353701773575,9.535235075058887,-2.148390282139584,-0.9067500261139095,0.0,0.0,0.0,0.0,9.81623575261325,287.7482770093847,100584.73696541421,1.2177602717807048,340.054995672408
56.6,61.4378531251768,10.336862073769385,-2.9839690388214444,-1.9811953389121708,0.0,0.0,0.0,0.0,10.939831978952155,287.75065395468636,100589.10409362678,1.2178030841058565,340.05640018204303
56.65,60.92073084427325,11.663125102775897,-0.10481824967325837,-0.10651881784381745,0.0,0.0,0.0,0.0,11.664082488006533,287.7540152495122,100595.28001546381,1.2178636279975372,340.05838632258644
56.7,61.45284388879012,9.247505327696105,-1.0609619811717046,-2.9146823160251984,0.0,0.0,0.0,0.0,9.753838634845753,287.75055651472286,100588.92506553273,1.217801329044351,340.05634260600357
56.75,60.790664070661826,8.538462683370389,-0.8521481570328466,-3.032941864770429,0.0,0.0,0.0,0.0,9.101111900856964,287.7548606835407,100596.8334337692,1.2178788563803822,340.05888587551203
56.8,60.23977150786798,10.783517859419286,-1.3139946353922296,-2.0472773670189586,0.0,0.0,0.0,0.0,11.054509665460623,287.75844148519883,100603.41308958137,1.2179433571956035,340.0610017036015
56.85,60.41646978577829,8.842496845420715,-2.408097433427015,-1.515564037899529,0.0,0.0,0.0,0.0,9.289005224625907,287.7572929463924,100601.30263313054,1.217922668334338,340.06032305514077
56.9,60.3069124999834,8.972450128430323,-0.7907640957389336,-0.007301098059586786,0.0,0.0,0.0,0.0,9.007231676176204,287.7580050687501,100602.61116390445,1.2179354959063837,340.0607438340665
56.95,60.353168129456805,10.063535202861813,-0.47384375219040076,-0.5383303755496772,0.0,0.0,0.0,0.0,10.08905685750498,287.7577044071585,100602.0586940403,1.2179300800292336,340.06056617918046
57.0,60.30755769155038,9.30629886466135,-0.5623714939151672,-2.5720575137638106,0.0,0.0,0.0,0.0,9.671553138440299,287.7580008750049,100602.60345782229,1.217935420363489,340.06074135606747
57.05,60.14014990869212,9.005844911291401,-1.4233381185146217,-4.105856896949492,0.0,0.0,0.0,0.0,9.999459726609118,287.7590890255935,100604.60297010322,1.2179550215899122,340.0613843215887
57.1,59.85997014511336,9.651753116604473,-0.9022746870592786,-2.4882763850736525,0.0,0.0,0.0,0.0,10.008094584050816,287.76091019405675,100607.9494986904,1.2179878274564222,340.0624604093865
57.15,59.60765096701662,8.486542859607674,-3.2255389303247908,-4.183075030673692,0.0,0.0,0.0,0.0,9.99618066119478,287.7625502687144,100610.96333146984,1.2180173717434795,340.0634294899824
57.2,59.17833139162066,10.648615518607846,-0.6717979855437197,0.2964189305710647,0.0,0.0,0.0,0.0,10.673902247019004,287.7653408459544,100616.0915179715,1.2180676424316024,340.0650783684848
57.25,58.74906682351498,9.080401930265284,-0.9724110156228449,-1.6769013327674933,0.0,0.0,0.0,0.0,9.28500298752281,287.76813106564714,100621.21925902748,1.2181179082656823,340.0667270277285
57.3,58.361813133483594,10.603313524780317,-1.0650247806683142,-1.6284663403204136,0.0,0.0,0.0,0.0,10.780372818682261,287.77064821463233,100625.84534449491,1.2181632560899347,340.06821433061674
57.35,57.89168848905,10.513448084321263,-2.637394536029921,-3.1866339098321395,0.0,0.0,0.0,0.0,11.297923536459741,287.77370402482114,100631.46162774466,1.2182183099278812,340.0700199024531
57.4,57.6683419528817,8.28567175724467,-1.9045754908534955,-4.610573692135845,0.0,0.0,0.0,0.0,9.671460801749493,287.7751557773062,100634.12989718303,1.2182444655393865,340.0708776890871
57.45,57.526941865802485,8.513308672466186,-0.2921905997004681,-1.2346415985282246,0.0,0.0,0.0,0.0,8.6073305836396,287.77607487787225,100635.81920095262,1.2182610248082777,340.07142075036313
57.5,57.42018196322824,10.006503900288438,-0.759209412937793,-1.7960045237436844,0.0,0.0,0.0,0.0,10.194711937494304,287.776768817239,100637.0946744035,1.2182735275025964,340.0718307719471
57.55,57.72374936861295,10.585073250130272,-1.1028149602895232,-0.7597421325026747,0.0,0.0,0.0,0.0,10.669451000644855,287.774795629104,100633.4679522523,1.2182379768612344,340.07066489108996
57.6,57.516785674311166,10.347434367218257,-1.427501970719291,-1.4661761000649292,0.0,0.0,0.0,0.0,10.547835428024964,287.776140893117,100635.94053763578,1.2182622141996469,340.07145975620614
57.65,57.107654857472156,7.877947437525597,-1.3137100057489675,-2.310265901023345,0.0,0.0,0.0,0.0,8.31415770484613,287.7788002434264,100640.82854873121,1.2183101282395676,340.07303105925024
57.7,57.34458460687604,8.721812517086585,-1.64129959103897,-2.3811128565580324,0.0,0.0,0.0,0.0,9.1887744757622,287.7772602000553,100637.99785306705,1.2182823807981962,340.0721211105024
57.75,57.42853268117484,8.69943149006332,-1.8702980843217456,-2.0764878059445753,0.0,0.0,0.0,0.0,9.137282133258195,287.77671453757233,100636.9949068957,1.218272549543184,340.0717987002365
57.8,57.04439533566301,10.484723653624538,-1.2918084037432287,-1.9136144488152365,0.0,0.0,0.0,0.0,10.735926569400982,287.7792114303182,100641.58434676086,1.2183175368037185,340.07327401238393
57.85,55.989556556873765,11.364593473305652,-1.983836718184332,-2.0248026485521677,0.0,0.0,0.0,0.0,11.71278868175729,287.7860678823803,100654.18779195042,1.218441078079973,340.07732517751333
57.9,56.06876030112475,9.952050127547434,-0.40232780988431394,-0.9424767035205295,0.0,0.0,0.0,0.0,10.004670496548206,287.7855530580427,100653.24140385808,1.2184318015129059,340.0770209929445
57.95,55.32372844803327,8.389574119657592,-0.6706334387213218,-1.548437725125251,0.0,0.0,0.0,0.0,8.557590928932669,287.79039576508774,100662.14391023885,1.2185190638920473,340.0798823013731
58.0,54.993398724266854,8.671787155028126,-2.16713494938299,-3.1052407480952526,0.0,0.0,0.0,0.0,9.462498954006767,287.79254290829226,100666.09127766459,1.2185577555228242,340.0811509310027
58.05,55.454785174460916,9.636271084980773,-2.1004441520153403,-2.4789440701230205,0.0,0.0,0.0,0.0,10.169304290941936,287.78954389636596,100660.57784595861,1.218503713434366,340.07937897736844
58.1,55.1509416406543,11.56478963628077,-2.5498281560753178,-3.232091447430117,0.0,0.0,0.0,0.0,12.275683202229212,287.79151887933574,100664.2086588873,1.2185393023512199,340.08054588882123
58.15,54.66931200988683,11.53247638985356,-3.6525129114344046,-2.498354024653509,0.0,0.0,0.0,0.0,12.352353422859437,287.7946494719357,100669.96416431281,1.218595716821245,340.0823955797871
58.2,54.6422345248488,6.096539521260061,-2.237489184482558,-1.272536718149869,0.0,0.0,0.0,0.0,6.617665878842925,287.7948254755885,100670.28774993216,1.2185988885333718,340.0824995701407
58.25,54.18502103738057,7.135606478026787,-1.268765443577526,-1.542775061438343,0.0,0.0,0.0,0.0,7.409912310565518,287.797797363257,100675.75174161796,1.2186524450355036,340.08425548144993
58.3,53.9761284648363,10.348495739170556,-1.8160309066696882,-2.0666882740874457,0.0,0.0,0.0,0.0,10.707965854440387,287.7991551649785,100678.24822050867,1.2186769146319087,340.08505772254966
58.35,53.73416242783848,12.368529595197288,-1.6886748671223515,-1.977491905667209,0.0,0.0,0.0,0.0,12.63893276313713,287.80072794421903,100681.14002362838,1.2187052589112117,340.08598697821014
58.4,53.4695456523737,9.192013944921227,-1.1665417538554923,-3.349125511071444,0.0,0.0,0.0,0.0,9.852440393934089,287.80244795325956,100684.30260899336,1.2187362571107407,340.0870032197297
58.45,53.55000410501789,6.873593462079754,-1.0364137691454545,-1.5824322582943837,0.0,0.0,0.0,0.0,7.129132656565628,287.80192497331734,100683.3409958209,1.218726831842626,340.0866942252035
58.5,52.73798210395151,8.684718532630379,-2.5518131856331143,-1.8378728375999924,0.0,0.0,0.0,0.0,9.2365503892185,287.8072031163243,100693.0463590403,1.218821958341946,340.08981272063596
58.55,52.77852996680312,8.53055027315092,-3.016577688290428,-1.7984482037703897,0.0,0.0,0.0,0.0,9.225207035828074,287.80693955521576,100692.56170920662,1.218817208118858,340.0896570009952
58.6,52.34281053112351,9.020140663162419,-1.7771482749833076,-2.199161115510939,0.0,0.0,0.0,0.0,9.452909773529399,287.8097717315477,100697.76976082052,1.2188682538324915,340.09133033018804
58.65,52.941228013008796,9.019673473422591,-1.4516891709229491,-1.294234252926324,0.0,0.0,0.0,0.0,9.226968804411657,287.8058820179154,100690.61707377374,1.218798148020845,340.08903217619303
58.7,52.62123627844099,8.956983886301387,-0.028050820978684166,-1.3701996344133747,0.0,0.0,0.0,0.0,9.061224764134638,287.8079619641901,100694.44177839549,1.2188356353124183,340.09026106983583
58.75,52.372712737461974,10.490893662011912,-1.0931666117893335,-0.725249021649293,0.0,0.0,0.0,0.0,10.57259898095903,287.8095773672065,100697.41233983233,1.2188647506556505,340.0912154945483
58.8,51.62817981190946,10.07624586442951,-1.7665253742163654,-2.243327409536957,0.0,0.0,0.0,0.0,10.473006277309436,287.81441683122256,100706.31204544388,1.218951978300446,340.09407476750226
58.85,51.26846235287151,8.392997047642643,-2.033296662745697,-2.9863713115459762,0.0,0.0,0.0,0.0,9.137565779292412,287.8167549947063,100710.61212308228,1.2189941236234754,340.09545620269995
58.9,50.73190612211135,10.504992458298975,-4.332075810266217,-2.4388440970398606,0.0,0.0,0.0,0.0,11.621949402078734,287.82024261020626,100717.02641511266,1.2190569898543735,340.0975167474229
58.95,50.727575893593496,12.028032677623782,-4.063181622952138,-1.1783094748775185,0.0,0.0,0.0,0.0,12.750350121218933,287.8202707566916,100717.07818242178,1.219057497220692,340.09753337681184
59.0,50.7541876308067,10.601192688794278,-2.1239731415561502,-2.040392310783682,0.0,0.0,0.0,0.0,11.002715533580895,287.82009778039975,100716.76004296435,1.219054379166295,340.0974311796684
59.05,50.64455562555342,7.3321716794746585,-1.0741685044172176,-1.9036146365298063,0.0,0.0,0.0,0.0,7.6510344527771315,287.82081038843387,100718.07068291036,1.2190672246110206,340.0978521996279
59.1,50.28650570347219,9.12233726345373,-1.7762263481648,-1.888642990746306,0.0,0.0,0.0,0.0,9.483616901510018,287.8231377129274,100722.3512310651,1.2191091775932332,340.0992272156674
59.15,49.62219503589884,11.666111330745508,-4.615713034924177,-2.4878458585690884,0.0,0.0,0.0,0.0,12.790322021673928,287.8274557322666,100730.2935691029,1.219187018306112,340.1017783474911
59.2,48.73473428264744,8.396545232622929,-4.7094600025243105,-4.553678362910679,0.0,0.0,0.0,0.0,10.649740465931552,287.83322422716276,100740.90462697147,1.2192910126000511,340.1051864058675
59.25,48.5021262866417,5.422918767520298,-1.9017480691150608,-2.9301773748965645,0.0,0.0,0.0,0.0,6.450630444062228,287.8347361791368,100743.68598913534,1.2193182711580528,340.10607966972555
59.3,48.49053677502487,4.4609000381518555,-1.5142184872114646,-1.3943800041308,0.0,0.0,0.0,0.0,4.912919943711277,287.8348115109623,100743.82456995767,1.2193196293065949,340.10612417583786
59.35,48.53766895804975,7.5004819192275525,-2.7701017811610145,-3.4392461844767905,0.0,0.0,0.0,0.0,8.703970772933983,287.83450515177265,100743.26099094382,1.2193141060003372,340.10594317850854
59.4,48.9141657227978,11.671640346808271,-3.294888634942795,-3.3455657714340306,0.0,0.0,0.0,0.0,12.580790509062176,287.83205792280177,100738.75915499458,1.2192699859444178,340.10449734961804
59.45,49.16048756285937,10.677814078225456,-4.483098831096558,-3.6260531031409577,0.0,0.0,0.0,0.0,12.135161709896051,287.8304568308414,100735.81393094477,1.2192411211956664,340.1035514172268
59.5,48.878242912251544,8.844144065993218,-2.4795627211273437,-2.887616506506067,0.0,0.0,0.0,0.0,9.628366665052479,287.83229142107035,100739.18868312972,1.2192741955332238,340.1046353012342
59.55,48.26659954973031,7.314383935522868,-1.5944362757157027,-3.797617271811461,0.0,0.0,0.0,0.0,8.394303802979369,287.83626710292674,100746.50231489727,1.2193458722286168,340.106984139775
59.6,48.0975215161503,7.895807149533988,-0.3426509982664151,-3.92300075629434,0.0,0.0,0.0,0.0,8.823327897291984,287.837366110145,100748.52411542163,1.2193656865571854,340.1076334319534
59.65,47.98735789353387,9.92787846969562,-2.113382977281349,-3.9935143345042743,0.0,0.0,0.0,0.0,10.90767231161624,287.838082173692,100749.84144715301,1.2193785968127453,340.108056480792
59.7,46.942617097350336,9.56848884132935,-3.3400570626651374,-4.156555695672747,0.0,0.0,0.0,0.0,10.953945186084011,287.8448729888672,100762.33510478183,1.2195010368980375,340.1120684539672
59.75,46.885410844297866,8.279132294506098,-2.4064800604611722,-4.08679100268035,0.0,0.0,0.0,0.0,9.541333163186373,287.84524482951207,100763.01924881915,1.2195077415488746,340.11228813383974
59.8,46.82850779994285,7.931579565806707,-0.7104435736682886,-2.06811115114011,0.0,0.0,0.0,0.0,8.227500727047016,287.84561469930037,100763.69977043854,1.2195144106912157,340.11250664920846
59.85,46.23795984270818,5.359469719166789,-1.7700924574063652,-4.093278820801051,0.0,0.0,0.0,0.0,6.972235974438264,287.84945326102235,100770.7625411595,1.2195836256545445,340.11477442476246
59.9,46.101626581983396,7.193838776299981,-0.45220051025165653,-3.2147460758351616,0.0,0.0,0.0,0.0,7.892426367915423,287.8503394272171,100772.39310169738,1.2195996049728701,340.11529795881825
59.95,46.27399124556474,7.320438243458224,-1.841022815048639,-3.805270515580063,0.0,0.0,0.0,0.0,8.453299047032365,287.8492190569038,100770.33160525512,1.2195794025206987,340.1146360602524
60.0,45.525218198759234,7.673025624572659,-1.755973147166749,-3.625880741911325,0.0,0.0,0.0,0.0,8.66635881345117,287.85408608170803,100779.28724438975,1.2196671662878835,340.1175114187095
60.05,45.27948575799174,9.182226630924706,-0.8689292524232627,-3.047893272508465,0.0,0.0,0.0,0.0,9.713803443964784,287.85568334257306,100782.22644771753,1.2196959696659886,340.11845504894296
60.1,45.15423455856016,8.739129021591745,-0.263589125331804,-3.2255569071200694,0.0,0.0,0.0,0.0,9.319124027723328,287.85649747536934,100783.72460279857,1.2197106511091222,340.11893602154333
60.15,44.835121934180066,7.204417625702383,-0.07903516511679202,-3.233390696832676,0.0,0.0,0.0,0.0,7.897132092172467,287.8585717074278,100787.54165532948,1.2197480568218069,340.12016143131535
60.2,44.80913612988581,7.882415460212223,-0.36786172325901956,-3.192586266597975,0.0,0.0,0.0,0.0,8.512367638001884,287.85874061515574,100787.85248861299,1.2197511028619388,340.1202612180178
60.25,44.36233124189654,8.257134515741102,-0.7220797832022019,-3.5309807171547036,0.0,0.0,0.0,0.0,9.00941143745088,287.8616448469277,100793.19713694372,1.219803477968686,340.1219769650806
60.3,44.1409337805305,8.496464419515638,-1.2569670853559034,-3.4133179686627564,0.0,0.0,0.0,0.0,9.242327274066817,287.8630839304265,100795.84556268138,1.2198294311326154,340.1228271361987
60.35,43.80022620352923,6.987241010928766,-1.0192418007445472,-4.606457132991595,0.0,0.0,0.0,0.0,8.430885962416939,287.86529852967703,100799.92132345142,1.219869371167408,340.12413545663196
60.4,43.41461964576782,7.817327401600937,-0.5026665951590442,-4.262125268172762,0.0,0.0,0.0,0.0,8.91790296041095,287.8678049723025,100804.53435537842,1.2199145757697494,340.1256161835201
60.45,43.11213096480977,8.96048980057225,-1.0683382633845895,-4.932385684984982,0.0,0.0,0.0,0.0,10.283975527811007,287.8697711487287,100808.15316333258,1.2199500373720713,340.1267777337439
60.5,43.110746576998224,9.635605927072437,-0.954253853586613,-5.041848333504427,0.0,0.0,0.0,0.0,10.916764017646427,287.8697801472495,100808.1697256276,1.219950199669577,340.1267830497551
60.55,43.204227179773305,6.678027741860779,-0.42010021660112695,-3.5990324286552116,0.0,0.0,0.0,0.0,7.597734737114894,287.86917252333143,100807.0513638094,1.219939240589203,340.12642408661986
60.6,43.338308846495664,7.23292080679979,-0.9988998026978307,-3.8170965722551005,0.0,0.0,0.0,0.0,8.239124374300264,287.8683009924978,100805.44728582393,1.2199235218258775,340.1259092157713
60.65,43.13914826721522,9.329790705160727,-1.2817035459066732,-3.8232863328275832,0.0,0.0,0.0,0.0,10.163920354099565,287.8695955362631,100807.82993893081,1.2199468700253389,340.1266739880277
60.7,42.980149549916334,7.871758015429907,-1.669461940559536,-4.3910425629299175,0.0,0.0,0.0,0.0,9.166947813417721,287.87062902792553,100809.73214924103,1.2199655101731746,340.1272845383805
60.75,42.74835184142745,8.395167416559836,-1.3083971208790048,-4.120202682885109,0.0,0.0,0.0,0.0,9.44281785941284,287.8721357130307,100812.50535570414,1.2199926852705358,340.12817463273404
60.8,42.52138808569811,8.519167177509432,-0.8395627089585779,-3.8740983847432244,0.0,0.0,0.0,0.0,9.396260598519921,287.8736109774429,100815.22078905611,1.2200192941020491,340.1290461626366
60.85,42.57653733206024,9.037822429683986,-0.10264498053107918,-3.6679097814851533,0.0,0.0,0.0,0.0,9.754298151463367,287.8732525073416,100814.56096855439,1.220012828460574,340.12883439238925
60.9,41.879885455270724,7.118684543495432,-1.9009762291199361,-5.219122733078282,0.0,0.0,0.0,0.0,9.029320149181462,287.8777807445407,100822.89615696954,1.2200945051430512,340.131509489798
60.95,42.005258569117615,8.741681157867086,-1.6699701230394324,-4.27267332231031,0.0,0.0,0.0,0.0,9.872260480600936,287.8769658193007,100821.39607171156,1.2200798058715998,340.1310280668354
61.0,41.66146341345201,8.993988154539455,-2.60355048556322,-3.7588652528269133,0.0,0.0,0.0,0.0,10.08956718812963,287.8792004878125,100825.50961281554,1.2201201141860032,340.13234821174717
61.05,41.39548720606586,9.317580042008224,-3.15817104010385,-3.368502664052176,0.0,0.0,0.0,0.0,10.398949579429031,287.88092933316057,100828.69213618472,1.220151299305157,340.13336953483
61.1,41.15281191448735,9.45717975842555,-3.339080569834917,-3.7746906292423805,0.0,0.0,0.0,0.0,10.716155905058178,287.88250672255583,100831.59592471972,1.2201797529757064,340.1343013819593
61.15,40.785195891138855,8.065101676040298,-3.033062339030544,-4.859626476218253,0.0,0.0,0.0,0.0,9.892487133460163,287.88489622670755,100835.99485008398,1.2202228569101758,340.1357129832546
61.2,39.97811238791788,6.9043088639843715,-2.786800157888739,-4.691182796783237,0.0,0.0,0.0,0.0,8.800166591726367,287.89014226947853,100845.65302669269,1.2203174936353685,340.13881206624353
61.25,39.82603579247345,7.681275651173429,-1.8824339353290334,-3.3025137230921158,0.0,0.0,0.0,0.0,8.570422979141687,287.8911307673489,100847.47297506063,1.2203353264101884,340.1393960150375
61.3,38.82945877628184,7.949837878997952,-2.3767109860492317,-2.424894750604737,0.0,0.0,0.0,0.0,8.644581653560119,287.89760851795415,100859.39998332839,1.2204521917556341,340.14322267996204
61.35,38.416347136377,8.918980982514354,-2.404681260390135,-1.9793645593602478,0.0,0.0,0.0,0.0,9.447147600698084,287.90029374361353,100864.34442774202,1.2205006385241908,340.14480893693786
61.4,38.22738855627282,8.048705986753182,-2.3884527261138593,-3.0146130579055255,0.0,0.0,0.0,0.0,8.920440929403195,287.9015219743842,100866.60609778717,1.2205227987208407,340.14553449346613
61.45,38.651000010640374,8.163806715462535,-2.5318312446628015,-3.649913912360729,0.0,0.0,0.0,0.0,9.294072363960073,287.89876849993084,100861.53589385234,1.2204731199385124,340.14390792290726
61.5,38.839359638042524,10.198988512342947,-2.0918917316829515,-2.5286143184310985,0.0,0.0,0.0,0.0,10.713975362271544,287.8975441623527,100859.28148445058,1.2204510306716696,340.14318466276035
61.55,38.91732251156758,10.52823560147529,-1.3906503311231475,-1.9529806060968058,0.0,0.0,0.0,0.0,10.797767661485171,287.8970374036748,100858.34838647948,1.2204418879170196,340.14288530177254
61.6,38.71217833894435,8.623260729205063,-0.8856694066746318,-2.0420680668239872,0.0,0.0,0.0,0.0,8.905901295843778,287.8983708407968,100860.80366772103,1.220465945414147,340.1436730115541
61.65,38.72169675107379,7.562227264755855,-0.8263414334864065,-2.1570440078632602,0.0,0.0,0.0,0.0,7.907146148919469,287.898308971118,100860.68974492182,1.2204648291707954,340.14363646292605
61.7,38.279712410968976,8.432333487330384,-1.5466227139688589,-2.9237530809021046,0.0,0.0,0.0,0.0,9.057848637452622,287.9011818693287,100865.97982259197,1.2205166623880426,340.1453335823191
61.75,37.881437804524644,9.666130079593888,-1.0178029334778267,-2.6871860216454446,0.0,0.0,0.0,0.0,10.084193683282392,287.90377065427055,100870.7469341527,1.22056337103786,340.14686285901814
61.8,37.58402880399059,8.943320267368254,-1.3853130061854322,-4.075870748798533,0.0,0.0,0.0,0.0,9.925461797354206,287.90570381277405,100874.30686302787,1.2205982513135287,340.14800483207233
61.85,37.07425781645922,10.619153647148535,-1.006192840069414,-3.179289253544949,0.0,0.0,0.0,0.0,11.130441517337099,287.909017324193,100880.40896091572,1.2206580392824962,340.1499622108952
61.9,36.12597744123402,9.548805938616288,-0.8537285180996493,-3.008326857370099,0.0,0.0,0.0,0.0,10.047814574162114,287.91518114663194,100891.76093104189,1.2207692633367981,340.1536033138514
61.95,35.37245704845022,8.456718626948533,-0.5765807851621539,-2.6237959022192587,0.0,0.0,0.0,0.0,8.873152780928493,287.92007902918505,100900.78214521086,1.2208576494696721,340.1564965710027
62.0,35.210999176116985,8.173576061280995,-0.7255706468183349,-2.2084938189065295,0.0,0.0,0.0,0.0,8.497719890724715,287.9211285053552,100902.7152184026,1.2208765887273112,340.1571165100726
62.05,34.64428200765152,7.979021311052189,-0.8250928363555938,-2.9679791202983146,0.0,0.0,0.0,0.0,8.553038017532547,287.92481216695023,100909.50054310123,1.2209430673049981,340.1592924874055
62.1,34.36521988811955,9.529200416902558,-0.6027996558452833,-3.5018443615723758,0.0,0.0,0.0,0.0,10.170149553632893,287.9266260707272,100912.84189948619,1.220975803615973,340.1603639741749
62.15,34.241683983845405,9.988032412565081,-1.6757393985859017,-4.41814274706811,0.0,0.0,0.0,0.0,11.049383663349474,287.927429054105,100914.32108794291,1.2209902956209189,340.1608383014911
62.2,33.65791494817626,7.9400983865687405,-0.01792574588144491,-2.6397793643586214,0.0,0.0,0.0,0.0,8.367432032185892,287.93122355283685,100921.31123194152,1.2210587793845522,340.1630797267372
62.25,33.728956032556304,6.149124411271128,-0.9191529556588605,-2.7471217767923353,0.0,0.0,0.0,0.0,6.797297348043087,287.9307617857884,100920.46055365828,1.2210504451766542,340.16280695992435
62.3,33.67486840264506,8.839712682998094,-1.0479503931633511,-2.7547221995755904,0.0,0.0,0.0,0.0,9.318112187633457,287.93111335538276,100921.10822303276,1.2210567904805785,340.1630146328781
62.35,33.422156091750345,7.931880236713816,-0.1772695465462541,-2.6111149510269245,0.0,0.0,0.0,0.0,8.352488842804897,287.9327559854036,100924.1343574165,1.2210864378232535,340.1639849364629
62.4,33.15513753861091,7.536254806091161,-0.25625465899989724,-3.3413214789144434,0.0,0.0,0.0,0.0,8.247741034855924,287.934491605999,100927.33188347396,1.2211177641236077,340.1650101666878
62.45,33.42550789207052,10.24546131805134,-1.2318497692001151,-4.716626819594078,0.0,0.0,0.0,0.0,11.346078619015419,287.9327341987015,100924.09422039398,1.221086044597917,340.16397206704914
62.5,32.81691566161023,9.707231867605357,-0.43477247986081136,-3.1710428186755553,0.0,0.0,0.0,0.0,10.221295915810828,287.9366900481995,100931.38218146248,1.2211574447961793,340.1663087809696
62.55,32.42614633021652,9.370448163332702,-1.2394899507624135,-2.6119949692123963,0.0,0.0,0.0,0.0,9.806332231723392,287.9392300488536,100936.06191323379,1.2212032916392321,340.16780914679856
62.6,31.981339609801264,9.19919839488451,-1.7705887345814453,-4.292777570496631,0.0,0.0,0.0,0.0,10.304764667144584,287.9421212925363,100941.3889937588,1.2212554799981634,340.1695169820946
62.65,31.951984689110922,8.151876568441399,-1.280053721685651,-5.207602197746583,0.0,0.0,0.0,0.0,9.757599590446425,287.94231209952073,100941.74056126204,1.2212589242173313,340.1696296900039
62.7,31.700783581167453,9.02206916685039,-0.1946466597094379,-4.209996947580023,0.0,0.0,0.0,0.0,9.957896046464917,287.9439449067224,100944.74909729254,1.2212883980013287,340.1705941724895
62.75,31.476898556806418,10.190465608461153,0.3009278685940646,-2.9373019132003475,0.0,0.0,0.0,0.0,10.60961306686613,287.9454001593807,100947.43054061853,1.2213146672089434,340.17145377302063
62.8,31.23473394201489,9.001807075288879,-1.5654796858620614,-4.32337423193516,0.0,0.0,0.0,0.0,10.108156212530979,287.9469742293769,100950.33098127697,1.2213430817110527,340.1723835551024
62.85,31.03596151895858,9.014908562979565,-0.5307166617944592,-3.573408272074024,0.0,0.0,0.0,0.0,9.711821829755507,287.9482662501267,100952.71175779747,1.2213664051473023,340.17314673256976
62.9,31.189390939129414,6.932339359481204,-0.9411821464386474,-5.283355180941585,0.0,0.0,0.0,0.0,8.76681212275987,287.9472689588956,100950.87406848875,1.2213484021104215,340.1725576476024
62.95,31.144807933768988,9.17350917385156,-0.8188396904416971,-4.237871824421069,0.0,0.0,0.0,0.0,10.138211213108718,287.9475587484305,100951.40805528112,1.2213536333514596,340.1727288220379
63.0,31.002557956660336,7.7931144006028985,-3.1044037475795667,-6.126200987559824,0.0,0.0,0.0,0.0,10.387506593444325,287.9484833732817,100953.11185003642,1.2213703246673813,340.17327498382457
63.05,30.757558817736314,7.514076749788552,-2.3034575539530477,-6.139096007495724,0.0,0.0,0.0,0.0,9.97275116975382,287.9500758676847,100956.0463743252,1.221399072764971,340.17421564390565
63.1,30.58582100016087,8.691021170310998,-1.8442802206488342,-6.000688600521128,0.0,0.0,0.0,0.0,10.721169814693482,287.95119216349894,100958.10343823089,1.221419224718043,340.1748750198129
63.15,30.692455472595626,8.024104083456487,-2.1213695357313336,-5.7582352061312685,0.0,0.0,0.0,0.0,10.10166955202959,287.9504990394281,100956.82617377385,1.221406712051609,340.17446560401174
63.2,30.446067799052045,7.562784741279743,-1.6018933962530997,-4.969157430245526,0.0,0.0,0.0,0.0,9.189902124748519,287.95210055930613,100959.77741762118,1.2214356237396902,340.17541159197316
63.25,30.75863695469755,7.496058815079112,-1.7657725921857628,-4.422062773663602,0.0,0.0,0.0,0.0,8.880511797225491,287.95006885979444,100956.03346058121,1.2213989462556925,340.1742115044666
63.3,30.601249923743072,8.246952469670772,-2.3991143784784854,-5.12125089933115,0.0,0.0,0.0,0.0,9.999759277699196,287.95109187549565,100957.91863024532,1.2214174142564078,340.1748157815411
63.35,30.064715868125585,8.042959664124375,-2.0870920017774766,-5.770867408492531,0.0,0.0,0.0,0.0,10.116721990299848,287.95457934685714,100964.34540781636,1.2214803734719408,340.17687576042186
63.4,29.680674408295104,8.082406042432883,-1.6879620646935438,-4.818939128108326,0.0,0.0,0.0,0.0,9.560160965538891,287.95707561634606,100968.94578342575,1.2215254400744486,340.1783502487203
63.45,29.528037327108425,8.401072981641134,-2.3469047704968924,-4.900648366713016,0.0,0.0,0.0,0.0,10.005115874331924,287.9580677573738,100970.77424748676,1.2215433521257482,340.17893628156315
63.5,28.879579791943286,8.11583363674159,-2.1249307717952717,-4.328964935566229,0.0,0.0,0.0,0.0,9.440446166233384,287.96228273135233,100978.54252315461,1.2216194512392946,340.1814259498137
63.55,28.512950147284247,7.832339463349728,-2.2141530014593385,-3.946313700304707,0.0,0.0,0.0,0.0,9.04551860338751,287.96466582404264,100982.93482159107,1.2216624783153718,340.18283356852095
63.6,28.25985060640204,7.385257408884109,-3.6013303731862822,-5.116537208909562,0.0,0.0,0.0,0.0,9.67938843432103,287.96631097105836,100985.96709633048,1.2216921823542115,340.18380530227955
63.65,28.097651487275655,7.841259240536862,-3.889485322567735,-5.405699975489117,0.0,0.0,0.0,0.0,10.287615602110025,287.96736526533266,100987.91037169586,1.2217112185106744,340.18442803746797
63.7,27.436105412898527,7.855470981458918,-2.9109845480273604,-4.378331935353752,0.0,0.0,0.0,0.0,9.45262111350792,287.97166531481616,100995.83653715698,1.2217888618163144,340.1869679162698
63.75,26.904861814092115,6.988067334107769,-4.552112497218281,-4.857598257010845,0.0,0.0,0.0,0.0,9.651480408718122,287.9751183982084,101002.20187749236,1.2218512147175438,340.18900751007226
63.8,26.534644435317148,10.119859910429433,-2.163323041811418,-2.960164869739765,0.0,0.0,0.0,0.0,10.763554582292526,287.97752481117044,101006.63799993474,1.2218946691560908,340.1904288716322
63.85,25.909113034832753,8.18680529782786,-2.6481709782451492,-4.027995784567384,0.0,0.0,0.0,0.0,9.500596852569569,287.98159076527355,101014.13377609747,1.2219680938842175,340.1928304371515
63.9,25.43785906259337,9.333212582015415,-2.039885366520741,-2.5008598095114722,0.0,0.0,0.0,0.0,9.875438683747982,287.9846539160931,101019.78113508991,1.2220234117935571,340.19463968331473
63.95,25.580893303081226,9.57574798959785,-2.6874086242592354,-3.101551047725355,0.0,0.0,0.0,0.0,10.418096446840778,287.98372419352995,101018.0670308367,1.2220066215890413,340.1940905448739
64.0,24.19421194139538,8.993813353423496,-3.4051044988571917,-3.0193371601347336,0.0,0.0,0.0,0.0,10.079673217467258,287.9927376223809,101034.68583759388,1.222169405881477,340.1994142680234
64.05,24.162126440047725,8.962420432945637,-3.596836065137514,-3.0509049221073035,0.0,0.0,0.0,0.0,10.127696210890903,287.9929461781397,101035.07039535664,1.2221731726357312,340.1995374491403
64.1,23.91482075008602,9.273263503552744,-2.1565779228386517,-3.372816317212066,0.0,0.0,0.0,0.0,10.100501683245756,287.99455366512444,101038.0344942492,1.2222022059773832,340.2004868917791
64.15,23.594237306843787,8.982616788181756,-1.8772843230851133,-3.458848954241391,0.0,0.0,0.0,0.0,9.806897413620815,287.99663745750547,101041.87697335643,1.2222398428099628,340.2017176544641
64.2,23.566880868445356,9.703214744863683,-1.8230681101020096,-3.0168261847140503,0.0,0.0,0.0,0.0,10.323623101788792,287.9968152743551,101042.20487020144,1.222243054525592,340.2018226792812
64.25,23.15377675934172,9.407685806456008,-3.118146930324389,-3.1385146463928564,0.0,0.0,0.0,0.0,10.396040914584155,287.99950045106425,101047.15647967374,1.2222915547863478,340.20340863411286
64.3,23.586682306871932,9.006885888085295,-3.3248339498212838,-2.973549737348297,0.0,0.0,0.0,0.0,10.050896091163134,287.9966865650053,101041.96752821098,1.2222407297855806,340.20174665906507
64.35,23.19266251898436,9.271752812116073,-2.303475848022837,-3.20539325580058,0.0,0.0,0.0,0.0,10.077000898865629,287.99924769362656,101046.69037306249,1.2222869893623485,340.20325934746376
64.4,23.11989116605984,7.698735101246077,-1.643389524080112,-2.7776749414336366,0.0,0.0,0.0,0.0,8.347857771146025,287.9997207074206,101047.56265289504,1.2222955331711312,340.20353872452756
64.45,22.42136619789729,7.208759843965244,-1.538131984924946,-2.304626543032271,0.0,0.0,0.0,0.0,7.72291214464232,288.00426111971365,101055.93589028716,1.2223775466647753,340.2062204254639
64.5,22.457009386932103,7.705094197937488,-2.4702771044416716,-2.3251642002694215,0.0,0.0,0.0,0.0,8.418855868230148,288.0040294389849,101055.50862082891,1.2223733617124997,340.20608358852854
64.55,22.200577213027675,8.637852741023869,-2.5104815483707763,-1.8530164839573535,0.0,0.0,0.0,0.0,9.184154161932462,288.00569624811527,101058.58261058082,1.222403470273049,340.2070680500775
64.6,22.116020100286484,7.77368437936597,-2.6933720311469522,-2.8573045891545643,0.0,0.0,0.0,0.0,8.709110818181548,288.0062458693481,101059.59625855944,1.2224133985312957,340.2073926702871
64.65,21.82501613891719,7.780531558340664,-2.6351169087055477,-3.2660907190194006,0.0,0.0,0.0,0.0,8.84012788582527,288.00813739509704,101063.0847988854,1.2224475671807744,340.20850985089663
64.7,21.35356692129963,8.651675023708515,-3.178071355854147,-3.7924581598563205,0.0,0.0,0.0,0.0,9.966662287497412,288.01120181501153,101068.73671449505,1.2225029246207788,340.2103197632292
64.75,21.183792624203992,8.651802919591848,-2.345041411325546,-3.195401345476776,0.0,0.0,0.0,0.0,9.51648583979215,288.01230534794263,101070.77209712732,1.2225228599426168,340.21097153116284
64.8,20.88603903602139,6.020457170805155,-2.147851158994842,-2.7537003692867237,0.0,0.0,0.0,0.0,6.9600312406270515,288.01424074626584,101074.34187241181,1.2225578235129129,340.2121146119019
64.85,20.689640842747032,6.164941622640846,-2.4785505865234967,-2.3030221499799115,0.0,0.0,0.0,0.0,7.032327441453762,288.01551733452214,101076.69655118772,1.2225808858939533,340.21286858557306
64.9,20.194664183464884,7.853235091179045,-3.265438900547354,-1.879481029491423,0.0,0.0,0.0,0.0,8.710272185801774,288.01873468280746,101082.63117672426,1.2226390108191392,340.21476879609423
64.95,20.90961325272488,9.002846528482994,-3.111786376244419,-2.4148506549845674,0.0,0.0,0.0,0.0,9.82679824524133,288.01408751385725,101074.05923681115,1.222555055294095,340.2120241102507
65.0,20.673092750999434,7.2661563278727685,-3.1766686269462845,-3.475825339143668,0.0,0.0,0.0,0.0,8.658499473623792,288.01562489711847,101076.89495341461,1.2225828290960614,340.2129321137058
65.05,20.541527411813302,8.760626309896168,-3.5243933613823737,-3.4748609954644536,0.0,0.0,0.0,0.0,10.062036615178922,288.0164800718232,101078.47235837151,1.2225982785774634,340.2134371926888
65.1,20.118059937961547,7.890818468954219,-4.426286001748501,-3.898724835538614,0.0,0.0,0.0,0.0,9.851755134112365,288.0192326104032,101083.54966445942,1.222648006616133,340.21506287809
65.15,19.730306221806284,7.645451796881351,-3.4276443216412162,-2.246554673096599,0.0,0.0,0.0,0.0,8.674600087227521,288.0217530095582,101088.19894952839,1.2226935421240082,340.2165514520879
65.2,19.7465370668577,7.657078671281865,-4.082403693534647,-2.6373023453596947,0.0,0.0,0.0,0.0,9.069301922200227,288.0216475090654,101088.00433328417,1.2226916360433444,340.21648914252836
65.25,19.473376354453,8.247955365898834,-3.6469851562692526,-3.278603389237962,0.0,0.0,0.0,0.0,9.595754719240706,288.02342305369604,101091.27971221274,1.2227237151658625,340.21753779396624
65.3,19.699321471648524,7.54299300598504,-3.3095479980241715,-3.322590129826417,0.0,0.0,0.0,0.0,8.881973688904115,288.02195441043426,101088.57047358392,1.2226971808461709,340.21667040126243
65.35,19.356068974031707,8.742780451092782,-2.6691251218729737,-2.071751997030055,0.0,0.0,0.0,0.0,9.372971528251943,288.0241855516688,101092.68633223326,1.222737491567967,340.2179881306236
65.4,18.81346196311469,8.2568258225547,-2.7029074692427506,-2.7701599977464344,0.0,0.0,0.0,0.0,9.118918130151673,288.02771249723975,101099.19287999193,1.2228012160631847,340.2200711616905
65.45,18.791088631076363,8.738035669271218,-4.382881648309418,-4.892301455909703,0.0,0.0,0.0,0.0,10.931492690206575,288.02785792389795,101099.46117196046,1.2228038436718505,340.22015705110255
65.5,18.080443029809448,10.455968494419896,-3.135604394765976,-3.168226056399632,0.0,0.0,0.0,0.0,11.366483555666049,288.0324771203062,101107.98324719831,1.2228873068245272,340.2228851508044
65.55,17.80400754667533,9.270217065462937,-3.2867339334944563,-3.4998888222838334,0.0,0.0,0.0,0.0,10.439768491625259,288.0342739509466,101111.2984237815,1.2229197745040388,340.2239463539669
65.6,17.043915950273725,10.151885080492798,-2.9169748502696566,-3.27863496503039,0.0,0.0,0.0,0.0,11.059790242068688,288.0392145463232,101120.41434212128,1.2230090515745466,340.22686423874717
65.65,16.463390393647632,8.802936526703615,-3.09296232618898,-3.4518865036189164,0.0,0.0,0.0,0.0,9.948549033817116,288.04298796244126,101127.37714014378,1.2230772409531738,340.2290927778903
65.7,16.066784056012906,9.38241135142675,-1.9284914421910782,-3.0561423317457863,0.0,0.0,0.0,0.0,10.054289033137765,288.0455659036359,101132.13424233989,1.22312382858439,340.23061527395527
65.75,16.033259976048374,9.55099698070873,-1.9904246493539777,-2.960794252314646,0.0,0.0,0.0,0.0,10.19556944043846,288.0457838101557,101132.53635585464,1.223127766575302,340.23074396619023
65.8,15.239292812276673,8.23320488353397,-2.5555833544074047,-2.7947715460945277,0.0,0.0,0.0,0.0,9.062417830271976,288.05094459672017,101142.06018510215,1.2232210347731751,340.2337918330334
65.85,15.019165752862268,8.241582140145258,-2.4680727634382533,-3.5683583971178283,0.0,0.0,0.0,0.0,9.313873575944026,288.05237542260636,101144.70079130375,1.2232468943048211,340.2346368479888
65.9,15.055470163591643,8.104408628606155,-2.4041377473159917,-3.9430132969246174,0.0,0.0,0.0,0.0,9.327843876653374,288.05213944393665,101144.26528601622,1.2232426293979977,340.23449748421285
65.95,15.24368849054379,7.988801559176983,-3.299825606287111,-4.19282768821591,0.0,0.0,0.0,0.0,9.606747805937589,288.05091602481144,101142.00745587307,1.2232205183930267,340.23377495905805
66.0,14.984267871083155,8.9945704530576,-2.846596612173712,-3.8834761097981363,0.0,0.0,0.0,0.0,10.202293693225485,288.05260225883796,101145.11942539527,1.2232509939885914,340.2347708123895
66.05,14.820995663052166,7.422698096113109,-3.2352885987241944,-3.7129500306840897,0.0,0.0,0.0,0.0,8.907835723307482,288.05366352819016,101147.0780532377,1.2232701747886903,340.2353975736119
66.1,14.869379981073793,7.584461185704677,-3.2492499848173466,-3.5636214728574185,0.0,0.0,0.0,0.0,8.987829267576615,288.053349030123,101146.49762747901,1.223264490699157,340.2352118384215
66.15,14.418451407924369,7.322777567904753,-2.3304444574708665,-3.503809455268054,0.0,0.0,0.0,0.0,8.445751794671185,288.05628006584845,101151.90714091265,1.2233174656379446,340.23694283552237
66.2,13.840949053113562,8.504682508764839,-1.8101624513815007,-4.053876630864011,0.0,0.0,0.0,0.0,9.593759868453422,288.0600338311547,101158.83542447779,1.223385312985693,340.2391597034741
66.25,13.344869221247945,8.87010828121505,-2.2331021643270303,-4.199000820851752,0.0,0.0,0.0,0.0,10.064649725167566,288.06325835006186,101164.78719056005,1.2234435967796733,340.2410640018917
66.3,13.393025707736978,8.639276827708697,-3.0482732201131713,-4.2091068243491545,0.0,0.0,0.0,0.0,10.08194693444804,288.0629453328997,101164.20941599835,1.223437938841697,340.24087914436797
66.35,13.37961908138963,9.654879947635436,-4.176499874105402,-4.174155992407525,0.0,0.0,0.0,0.0,11.317395294439748,288.06303247597094,101164.37026649434,1.22343951399323,340.24093060817717
66.4,12.657390291537613,9.361167663634127,-2.172674394917693,-3.2370506963610257,0.0,0.0,0.0,0.0,10.140536044204547,288.067726963105,101173.03575470898,1.2235243713241073,340.24370300515926
66.45,12.135864695152788,8.770433333266848,-1.7718561227318421,-3.323044785627209,0.0,0.0,0.0,0.0,9.544768285308173,288.0711168794815,101179.29352768982,1.2235856500943265,340.2457049550475
66.5,11.525147090508618,9.673375289894203,-4.313470360954995,-3.8213841525354026,0.0,0.0,0.0,0.0,11.25980430092911,288.07508654391165,101186.62191180984,1.223657411826743,340.24804926612256
66.55,11.65645401832432,11.031473726946643,-4.695874930078923,-4.384477439037208,0.0,0.0,0.0,0.0,12.765903664084421,288.07423304888084,101185.04624124174,1.2236419824720215,340.2475452304597
66.6,11.26792682899666,11.320034999415475,-1.5881724574806468,-3.64149734288338,0.0,0.0,0.0,0.0,11.996915730341616,288.0767584756115,101189.70858791383,1.223687637187759,340.24903663139736
66.65,11.015141239885565,8.556279192975447,-1.1479100147120782,-3.4161774910376494,0.0,0.0,0.0,0.0,9.284281322767699,288.07840158194074,101192.74212166353,1.2237173419971052,340.2500069709544
66.7,10.771997808631252,9.177316787898611,-3.097230398652696,-4.297607870329319,0.0,0.0,0.0,0.0,10.596481160031406,288.07998201424385,101195.66001492829,1.2237459142779283,340.2509402956356
66.75,11.187557607198505,11.176643493892785,-3.910168248874935,-3.1505908779149423,0.0,0.0,0.0,0.0,12.252877148004318,288.0772808755532,101190.67304450856,1.2236970813071788,340.24934513597316
66.8,10.1736685886748,7.454092945075356,-4.740085302543859,-4.085198572725272,0.0,0.0,0.0,0.0,9.73245897437082,288.0838711541736,101202.84067915654,1.2238162273389368,340.2532370172659
66.85,10.253018667233038,7.71830684577195,-4.126344824354174,-4.481017087200845,0.0,0.0,0.0,0.0,9.832522377841332,288.083355378663,101201.8883598488,1.2238069022832854,340.25293242825006
66.9,9.40162206975719,9.07619395037511,-4.178331096926916,-4.756023901654122,0.0,0.0,0.0,0.0,11.065961807880846,288.08888945654655,101212.10676780425,1.2239069594722427,340.2562005399789
66.95,9.379321046711558,9.604791480800381,-2.7336832684231744,-3.694812654906773,0.0,0.0,0.0,0.0,10.64784880417503,288.0890344131964,101212.37443449609,1.2239095804003666,340.25628614271216
67.0,9.016937321371655,8.940098544810525,-2.890014535497893,-3.57350809312052,0.0,0.0,0.0,0.0,10.052238859970958,288.09138990741104,101216.72400376303,1.2239521701558114,340.25767715378777
67.05,8.651973698041825,8.301382310050432,-2.5059912332847536,-2.686564734038237,0.0,0.0,0.0,0.0,9.07802678940177,288.0937621709627,101221.10469164934,1.2239950642640394,340.25907806206254
67.1,8.462658538738532,10.640152429204882,-3.17296881412186,-2.2471193955241353,0.0,0.0,0.0,0.0,11.328288502233917,288.0949927194982,101223.3771172891,1.2240173148932505,340.25980474364695
67.15,8.079727466427942,10.414747689533614,-4.032636015636555,-3.51181097098464,0.0,0.0,0.0,0.0,11.707345513274259,288.0974817714682,101227.97371852321,1.224062322574756,340.26127461040863
67.2,7.1078086351274905,9.285675717732149,-3.027322811110153,-3.2799752942114324,0.0,0.0,0.0,0.0,10.30275181047208,288.10379924387166,101239.64112875094,1.2241765624295669,340.2650052563953
67.25,6.526294869064292,8.68928454389587,-3.235370728376879,-3.046161377599027,0.0,0.0,0.0,0.0,9.75963056540572,288.1075790833511,101246.62243775367,1.2242449177659702,340.2672373388691
67.3,6.315908886140559,8.859979216114079,-2.4311479548459918,-2.4735738847466084,0.0,0.0,0.0,0.0,9.514635035124874,288.10894659224004,101249.1483029758,1.224269648776239,340.26804488083144
67.35,6.138627606542924,9.513120091459282,-1.9434383147272667,-1.6367463351427447,0.0,0.0,0.0,0.0,9.846590522778909,288.11009892055745,101251.27675728884,1.2242904886036448,340.26872535277823
67.4,6.385005208473425,9.93652311134158,-1.0287869279718538,-0.7419771648595156,0.0,0.0,0.0,0.0,10.017156492666174,288.1084974661449,101248.31873639072,1.2242615264160845,340.2677796628997
67.45,6.39170417936688,10.18480372968736,-0.266319230660381,-0.9307917135768446,0.0,0.0,0.0,0.0,10.230714841052722,288.1084539228341,101248.2383092131,1.224260738945768,340.26775394969377
67.5,6.778764072417471,8.913950708380474,-1.469639572858251,-2.0957239984571903,0.0,0.0,0.0,0.0,9.274180113802897,288.10593803352924,101243.59139451983,1.2242152403500604,340.26626826286264
67.55,6.384032584000342,9.194135481480343,-1.2933358360057843,-1.0925861311936307,0.0,0.0,0.0,0.0,9.348721264996044,288.10850378820396,101248.33041362753,1.2242616407490357,340.2677833962033
67.6,6.07513476461098,8.671787836612904,-0.6311392704720054,-0.6454378187752929,0.0,0.0,0.0,0.0,8.718648464060518,288.11051162403,101252.03906662969,1.224297952401128,340.26896906175404
67.65,6.09968225837401,7.779428568351081,-0.7513819038266788,-1.0103094845809066,0.0,0.0,0.0,0.0,7.880660433625427,288.11035206532057,101251.74434334747,1.2242950667564065,340.26887483942807
67.7,5.799229802604414,8.107471300310067,-1.0162968448108705,-1.012122994850711,0.0,0.0,0.0,0.0,8.233367665714285,288.11230500628307,101255.35169763505,1.2243303863632697,340.27002808486526
67.75,6.002690098456442,8.497865324543778,-2.3901088142284883,-2.9099196641798626,0.0,0.0,0.0,0.0,9.29483553754002,288.11098251436,101252.90885926201,1.224306468558228,340.26924713092404
67.8,5.37320389261016,10.250163573449234,-1.1460078324693028,-3.403933904346219,0.0,0.0,0.0,0.0,10.86121324989544,288.115074174698,101260.46691624734,1.2243804690597437,340.2716633200389
67.85,4.728112582413794,9.39076354999028,0.5533918598661793,-2.8525819921768547,0.0,0.0,0.0,0.0,9.830051201518936,288.1192672682143,101268.21281311662,1.2244563076003891,340.27413938922433
67.9,4.953232774858106,8.354678011613327,-0.28064503631680715,-2.7470779563982495,0.0,0.0,0.0,0.0,8.799195623048375,288.1178039869634,101265.5096408314,1.224429841501818,340.2732753071287
67.95,4.748378345904753,10.499278901348118,-0.6310945612844976,-1.3144588828093997,0.0,0.0,0.0,0.0,10.600044337085254,288.1191355407516,101267.96946582572,1.2244539250520994,340.2740616029406
68.0,3.8044750338742137,8.654704387832759,-0.779986008985687,-1.633426528489441,0.0,0.0,0.0,0.0,8.841966321976017,288.1252709122798,101279.30417321101,1.2245648989866613,340.2776845776371
68.05,3.5796605261747465,9.606684648498229,-0.8330028641758543,-1.6482230244968137,0.0,0.0,0.0,0.0,9.782582626581702,288.12673220657985,101282.00397265119,1.2245913313775971,340.27854747523867
68.1,3.35690022507744,7.652764484623209,-0.15963605501240913,-4.659997792445897,0.0,0.0,0.0,0.0,8.961354102632642,288.12818014853696,101284.67916058488,1.224617522677309,340.2794024860931
68.15,3.1545301479282926,7.330040508030956,1.7988636691605493,-4.179472315210538,0.0,0.0,0.0,0.0,8.627478958723216,288.12949555403844,101287.10952647505,1.2246413169443937,340.28017923220483
68.2,2.9082422002723636,9.682793527098857,0.40774523100940235,-2.831437968274706,0.0,0.0,0.0,0.0,10.096523541795268,288.1310964256982,101290.0673882682,1.2246702754636096,340.2811245435094
68.25,2.879489065277233,10.762767405421588,-1.4749892546158245,-1.3255027853472003,0.0,0.0,0.0,0.0,10.943934994251412,288.13128332107567,101290.41271138762,1.2246736562893092,340.28123490466044
68.3,2.588347868867495,9.740499553933057,-0.47963781794508087,0.25265924770305404,0.0,0.0,0.0,0.0,9.755573826896248,288.13317573885234,101293.90935027874,1.2247078893982586,340.2823523695765
68.35,2.155269224028103,8.606777521766443,-0.1314346610746153,-1.8065152137929494,0.0,0.0,0.0,0.0,8.795305088340102,288.1359907500438,101299.11085490583,1.224758813221271,340.28401461532115
68.4,2.100984231200452,8.707734415689036,0.11525010085483782,-2.412499057464445,0.0,0.0,0.0,0.0,9.036485652187423,288.13634360249716,101299.76286176618,1.2247651964703152,340.2842229718203
68.45,2.199716224763686,8.65076842094791,-1.207396707019837,-2.2514657144080554,0.0,0.0,0.0,0.0,9.020127435028117,288.135701844539,101298.57701285227,1.224753586818329,340.28384401887917
68.5,1.2290037289859868,8.42744224143829,-2.716044948058089,-1.046992788728891,0.0,0.0,0.0,0.0,8.915989950213078,288.1420114757616,101310.23652161867,1.224867734165572,340.28756978732605
68.55,0.6596099575617116,9.592498468370332,-2.2458038742421493,-2.0956038243946398,0.0,0.0,0.0,0.0,10.072299503890145,288.14571253527583,101317.0761806612,1.2249346937081582,340.2897552036372
68.6,1.4057528451751744,10.603429705963404,-4.550225559584327,-1.4148865902460033,0.0,0.0,0.0,0.0,11.624937773410213,288.14086260650635,101308.11345590823,1.224846949400663,340.2868913955939
68.65,0.08386945957077996,16.368016565183744,-2.6638266593881026,-7.0926630181800405,0.0,0.0,0.0,0.0,18.036457729799803,288.1494548485128,101323.99245788406,1.2250024024601396,340.2919649653395
68.7,-0.4839082660838512,10.518896331437048,-5.386713017563074,0.9306541765736126,0.0,0.0,0.0,0.0,11.85453391582635,288.15,101325.0,1.2250122659906946,340.29228686527705
68.75,-1.2861145924693185,15.633285944586973,-0.8497627924207768,-11.761799761258315,0.0,0.0,0.0,0.0,19.58217709685365,288.15,101325.0,1.2250122659906946,340.29228686527705
68.8,-1.5172776362885811,3.737985367271545,-9.99849798970183,8.12325722062723,0.0,0.0,0.0,0.0,13.413791579135266,288.15,101325.0,1.2250122659906946,340.29228686527705
68.85,-1.3892417598114202,36.53269910176861,6.0419978611239955,-36.347479122424964,0.0,0.0,0.0,0.0,51.88721499916247,288.15,101325.0,1.2250122659906946,340.29228686527705
68.9,-1.8159937205563117,53.07218439476726,9.672134432353408,-45.918930903131475,0.0,0.0,0.0,0.0,70.84317296815733,288.15,101325.0,1.2250122659906946,340.29228686527705
68.95,-2.0191384186509134,15.810188104213205,-8.098433791773699,22.46461276807275,0.0,0.0,0.0,0.0,28.63923016754822,288.15,101325.0,1.2250122659906946,340.29228686527705
69.0,-1.7146297101980703,-0.2425977341638168,10.852238101171205,-15.84403036456589,0.0,0.0,0.0,0.0,19.205812236362704,288.15,101325.0,1.2250122659906946,340.29228686527705
69.05,-0.5582418619856337,-13.319391995218401,0.23278352635981814,4.999594330487957,0.0,0.0,0.0,0.0,14.228715147963285,288.15,101325.0,1.2250122659906946,340.29228686527705
